6642
69994 69993
74455 74454
70705 70703
75091 75090
79604 79603
78863 78861
71637 71636
75866 75864
73839 73838
76339 76338
75194 75192
76273 76272
70338 70336
76013 76011
76821 76819
73060 73059
78029 78028
78356 78355
72847 72845
71517 71516
78695 78692
77837 77836
77052 77051
71153 71152
73534 73533
77639 77638
70411 70409
71468 71466
78461 78460
70893 70892
74411 74410
79927 79926
75574 75573
75960 75959
78163 78162
77697 77696
77189 77187
77477 77476
74838 74837
75598 75596
78311 78310
75224 75222
74666 74665
70413 70412
72200 72199
71786 71785
74941 74940
72304 72303
73200 73199
70170 70169
78185 78184
74034 74032
74457 74456
72979 72976
72260 72258
79379 79377
70763 70762
73149 73148
76525 76524
79169 79168
79574 79573
70075 70074
72023 72021
79594 79593
73918 73917
71950 71948
71834 71832
74664 74663
76675 76674
79245 79244
79962 79960
71527 71522
74577 74575
74935 74933
76803 76802
78235 78234
70390 70389
74423 74422
79266 79264
75645 75644
79329 79328
77998 77996
72494 72493
74394 74392
70433 70431
73094 73093
78720 78718
74428 74427
79839 79836
77528 77526
78846 78845
77326 77325
77719 77717
78971 78969
76007 76006
74160 74159
74256 74255
75226 75225
75529 75528
74302 74301
70879 70878
70063 70061
73925 73923
78373 78372
70134 70133
74209 74208
72237 72236
74312 74310
72508 72507
73210 73209
79363 79362
71484 71483
73165 73163
74376 74375
73912 73911
72486 72483
79317 79316
77120 77118
77129 77128
74554 74552
76459 76458
74786 74785
74696 74695
77004 77001
73582 73580
72474 72473
73770 73769
79263 79262
79492 79491
70563 70562
73779 73778
76372 76371
72917 72916
71735 71734
75187 75184
71941 71940
77662 77660
73596 73595
78910 78908
75170 75169
77666 77665
78660 78657
77762 77760
71135 71134
78131 78130
70415 70414
79274 79271
74539 74538
78609 78608
73703 73702
75629 75627
77212 77211
73259 73258
78992 78989
75679 75678
73411 73410
75113 75112
74847 74845
79553 79552
73861 73860
78584 78583
76976 76975
71511 71510
76883 76882
77453 77451
78498 78497
73909 73907
71099 71098
75620 75619
74768 74765
77900 77899
78724 78723
75020 75019
71494 71491
74158 74157
76337 76336
70883 70881
75976 75973
70361 70360
79235 79234
75156 75155
72344 72339
79765 79764
72359 72358
73298 73297
72357 72356
75057 75056
76498 76497
75919 75918
70492 70491
72318 72317
78922 78921
74526 74525
79094 79093
75935 75933
77389 77385
77871 77870
70836 70835
75435 75434
78806 78804
79251 79250
71237 71236
79062 79061
78580 78579
72123 72122
74339 74338
73863 73862
79386 79385
73404 73402
73375 73373
70958 70957
77150 77149
72639 72638
73328 73327
71200 71199
72802 72799
73975 73974
78142 78140
73651 73650
73215 73214
72835 72832
74865 74864
74493 74491
78569 78566
71441 71440
79550 79548
77270 77269
75178 75173
71854 71853
79565 79564
79280 79277
71645 71644
75500 75499
76826 76824
73099 73097
78686 78685
73577 73575
73347 73345
71684 71683
76747 76745
79159 79157
76598 76596
72038 72037
70333 70332
74893 74892
77169 77168
70150 70149
74749 74747
79192 79191
79077 79076
72235 72234
72468 72465
78380 78378
70728 70726
74071 74068
75901 75900
78204 78203
70700 70699
75734 75733
71650 71648
79341 79340
70902 70900
75293 75292
70596 70595
70637 70634
72816 72815
72086 72085
72850 72849
74146 74143
75324 75323
76759 76758
70875 70873
71709 71708
75861 75860
79106 79105
70388 70387
76476 76474
78758 78757
77512 77510
74882 74881
74729 74725
71426 71425
73227 73226
79612 79611
73363 73362
70822 70820
72613 72611
72205 72204
74198 74197
73415 73414
71167 71165
75952 75951
78359 78358
74631 74629
77629 77627
76686 76685
70087 70084
79438 79437
75641 75640
74570 74569
78298 78297
79896 79895
74041 74040
79624 79623
72198 72197
77910 77909
71372 71371
75524 75522
70972 70971
77055 77054
78246 78245
77076 77074
76868 76866
74007 74006
74590 74589
77057 77056
75883 75882
73898 73897
73512 73510
70803 70802
75115 75114
72919 72918
70774 70773
78287 78285
76594 76592
78677 78676
72725 72724
74184 74183
79507 79505
72057 72055
75480 75478
77585 77584
76314 76313
74168 74167
77339 77336
78165 78164
76946 76945
70364 70362
74780 74779
75461 75457
78309 78308
75110 75109
73225 73224
73006 73005
75313 75312
77878 77876
77555 77554
79007 79006
70535 70534
74923 74922
79666 79665
79787 79786
74280 74277
70352 70351
76801 76800
75278 75277
70174 70171
79797 79795
72076 72074
75757 75756
71758 71757
79977 79976
70384 70383
74522 74521
74867 74866
79530 79529
73315 73314
70452 70451
72770 72768
71507 71506
78094 78093
71682 71681
76365 76361
79057 79056
72329 72327
70547 70545
74841 74840
78077 78076
74273 74272
78445 78444
73122 73121
75752 75751
74644 74641
73357 73356
70509 70506
77000 76997
78665 78664
72488 72487
71408 71407
76158 76157
72362 72360
73601 73600
76926 76924
70899 70897
78467 78465
70912 70911
74654 74653
72932 72930
76148 76147
74186 74185
76444 76441
71030 71029
78772 78771
70674 70673
76032 76030
71620 71619
72789 72788
75121 75120
71471 71469
73922 73921
78145 78143
72182 72178
70961 70959
73223 73222
76982 76981
71123 71122
74049 74048
73967 73966
79005 79001
79448 79445
71727 71723
70501 70500
77506 77505
79730 79729
79165 79164
76575 76574
70526 70525
70793 70792
79484 79482
75896 75895
76865 76862
73019 73016
75708 75706
74601 74600
78789 78788
72787 72786
79762 79760
74150 74149
78820 78817
74024 74023
72942 72941
77675 77674
79033 79032
71085 71084
70828 70826
73509 73507
79232 79231
77067 77066
70272 70270
78073 78070
77746 77745
74371 74370
76048 76047
71420 71419
75376 75375
79141 79140
71324 71322
73161 73160
70594 70593
74182 74180
75264 75262
78556 78553
70340 70339
72160 72159
77835 77833
76564 76563
74985 74984
79524 79523
71262 71261
75066 75063
72813 72812
71212 71210
73075 73073
73167 73166
73077 73076
79541 79539
77576 77573
70417 70416
74478 74477
73888 73885
78829 78827
77757 77756
72365 72364
77482 77481
71555 71554
77537 77536
76083 76082
71139 71138
72621 72620
74681 74680
74099 74097
78295 78292
73066 73065
76980 76977
72691 72689
72244 72242
72231 72227
79256 79255
76302 76301
77893 77892
73217 73216
75400 75399
73904 73902
75417 75416
77647 77645
73985 73984
79635 79634
70142 70141
73763 73762
76214 76212
75762 75761
79677 79676
78844 78843
78086 78085
73385 73379
79337 79336
72162
77272 77271
78064 78061
78019 78017
73127 73123
78279 78278
76909 76908
78175 78172
73069 73067
79059 79058
70781 70779
77923 77922
78043 78042
70449 70448
75849 75848
76057 76055
72661 72658
70870 70869
72564 72562
73754 73753
78591 78589
71161 71158
71668 71667
78031 78030
70005 70004
75290 75289
74174 74172
79986 79985
74795 74793
79983 79982
71898 71896
79717 79716
78300 78299
78156 78155
78277 78276
72775 72774
77653 77652
75874 75871
71083 71080
78938 78935
78512 78510
73774 73771
72388 72387
73491 73489
73439 73437
76571 76570
79658 79657
74501 74498
78881 78880
71246 71245
71298 71293
74232 74231
71686 71685
73627 73626
75127 75126
76391 76390
74472 74471
76333 76331
74694 74693
73015 73014
77570 77569
77929 77928
78284 78283
79567 79566
71309 71307
78418 78416
74179 74176
73178 73177
71364 71363
74262 74261
71285 71284
74737 74734
72733 72731
70335 70334
72141 72139
73682 73681
78207 78206
74317 74316
79314 79313
74300 74298
76788 76787
78815 78814
74451 74449
75488 75487
79719 79718
75611 75609
72867 72866
79203 79202
77441 77440
70904 70903
71133 71131
79467 79466
70747 70745
75118 75116
72988 72986
70865 70863
70166 70165
76436 76434
71891 71889
78535 78534
73054
70901
74939 74936
76101 76100
70038 70037
76974 76973
77071 77070
76043 76041
77143 77142
78495 78494
70676 70675
78706 78705
71272 71270
79891 79890
76382 76380
77352 77349
76156 76154
75189 75188
73701 73700
76282 76281
74742 74741
76602 76601
73307 73306
75594 75593
74835 74829
76940 76939
72757 72756
75383 75382
78961 78957
73499 73498
71321 71320
76144 76142
78022 78021
73947 73946
75338 75336
72602 72601
72577 72575
78025 78023
71570 71567
73443 73442
79247 79246
76513 76512
73817 73816
79321 79320
76876 76875
77794 77793
77356 77354
73108 73106
78871 78870
77966 77965
75182 75181
74223 74222
72781 72779
74022 74019
76581 76580
79738 79736
71695 71694
77641 77640
74827 74826
72383 72382
72910 72909
77302 77301
74906 74904
79488 79487
70060 70059
70649 70648
76252 76251
73159 73157
72506 72505
76176 76175
75772 75771
72678 72677
78729 78728
76952 76949
73275 73274
74700 74697
79039 79038
77437 77435
75411 75410
77281 77280
78092 78087
73594 73593
75255 75253
75723 75721
73072 73070
70206 70205
77138 77137
73699 73697
78812 78811
76071 76070
74592 74591
75268 75267
72171 72170
74228 74227
70077 70076
73188 73187
76125 76124
73742 73741
79116 79112
71579 71578
72386 72385
78069 78068
75136 75135
73696 73695
70073 70071
74752 74751
75252 75251
76534 76532
71773 71771
70641 70639
76721 76720
70498 70496
78016 78015
77590 77589
79444 79442
74622 74621
79912 79910
78363 78360
70182 70180
78368 78367
79606 79605
70801 70800
72148 72147
73660 73659
71370 71369
72587 72586
71230 71229
77827 77826
78202 78200
75475 75474
71893 71892
72065 72064
70357 70356
75140 75137
74009
70218 70217
78873 78872
79088 79086
78856 78855
78837 78836
77608 77607
71776 71774
74194 74193
78851 78850
75008 75006
71157 71156
70164 70163
76181 76180
75172 75171
72504 72501
71378 71376
78449 78446
70301 70300
73956 73953
76027 76026
72451 72450
75507 75506
73096 73095
77117 77116
73451 73450
77244 77243
76304 76303
77785 77783
72196 72195
79323 79322
71181 71180
73878 73877
72120 72119
78385 78384
77631 77630
70328 70327
77288 77285
78947 78946
77953 77952
72973 72972
71722 71721
72648 72647
74443 74442
79598 79597
79916 79915
74387 74384
71283 71282
70678 70677
75738 75737
71994 71992
70712 70711
77061 77059
76989 76988
76697 76696
71852 71851
78376 78375
79781 79779
79350 79349
72035 72034
74109 74107
73690 73689
76490 76488
78289 78288
70633 70632
76117 76116
78014 78013
74536 74535
77621 77620
76680 76677
78997 78996
77416 77415
75143 75142
79471 79470
77906 77904
77026 77025
71925 71924
77469 77468
72108 72106
73623 73622
73809 73807
72735 72734
79645 79642
74038 74037
72043 72042
70907 70906
75988 75987
79075 79073
75770 75768
77266 77265
76606 76605
70370 70365
70295 70293
72158 72157
79183 79182
73105 73104
77240 77238
76103 76102
79906 79904
71500 71499
74529 74528
77604 77603
72738 72736
73212 73211
77101 77099
75030 75026
73283 73281
74084 74081
79536 79535
75240 75239
70666 70664
76260 76257
71803 71801
78883 78882
70015 70013
74075
71235 71234
74740 74739
71585 71582
73803 73802
70442 70441
72369 72368
77972 77969
74973 74971
73644 73643
78542 78541
79733 79732
76271 76269
75561 75560
75196 75195
76309 76308
72284 72283
70702 70701
76558 76556
77146 77145
79532 79531
79208 79206
78251 78250
76523 76522
77297 77296
78231 78230
77602 77600
75440 75439
79600 79599
72755 72754
76467 76466
74702 74701
77961 77959
77276 77275
74390 74389
75221 75220
70053 70052
79670 79669
75999 75997
78443 78442
71577 71576
70754
70176 70175
75315 75314
72068 72067
70761 70760
74744 74743
77525 77522
78667 78666
74618 74616
75536 75534
73206 73203
71698 71697
70807 70806
74271 74270
73368 73367
71129 71124
75266 75265
79937 79936
71931 71929
78220 78219
70606 70604
76724 76722
79801 79799
73229 73228
76991 76990
70021 70019
75521 75520
78388 78387
72079 72077
78291 78290
76246 76245
71541 71539
73370 73369
76743 76742
75349 75346
77841 77839
70505 70503
73705 73704
71482 71481
74709 74708
76775 76774
73609 73606
71252 71251
77784
78764 78763
70620 70618
79773 79772
70000 69999
78848 78847
77686 77685
73398 73397
71361 71360
75039 75038
73236 73234
71093 71091
74095 74094
76509 76508
71983 71981
73632 73631
72510 72509
79428 79425
72856 72855
71748 71747
72763 72762
72015 72014
79099 79098
72031 72027
78743 78742
71451 71450
75016 75015
74486 74485
77023 77018
71392 71391
74374 74372
78489 78488
70404 70403
77539 77538
70274
78766 78765
74364 74362
71549 71547
76542 76541
78940 78939
70320 70319
74925 74924
72428 72427
76936 76935
79815 79814
79681 79680
73963 73962
71460 71459
79841 79840
74755 74754
78897 78894
76279 76277
70070 70069
79270 79269
71228 71225
78755 78754
77673 77672
77254 77253
76243 76242
71220 71219
71653 71652
73866 73865
77421 77419
79571 79570
78605 78604
70924 70922
75797
76093 76089
71874 71870
79979 79978
72525 72523
79213 79210
74056 74055
71169 71168
76984 76983
78262 78261
72753 72752
70569
71395 71393
73466 73464
73083 73081
74950 74942
71545 71544
74483 74479
76407 76405
71657 71656
78967 78962
78618 78617
75842 75841
74116 74115
73089 73087
70197 70196
74003 74000
79297 79295
75076 75074
73999 73997
78500 78499
73423 73421
75970 75969
75859 75856
75695 75694
73334 73332
71343 71342
75592 75591
79829 79828
79520 79519
78565 78563
71331 71330
71985 71984
76993 76992
75132 75129
75124 75123
70932 70931
75510 75508
76646 76645
71198 71197
78986 78985
76450
76768 76767
78929 78926
77182 77181
75616 75615
74651 74650
77031 77030
73635 73634
74064 74062
75404 75403
75894 75893
74512 74510
72759 72758
76179 76177
77434 77433
79693 79692
75828 75827
79711 79708
72381 72377
76612 76611
75164 75163
72211 72210
79883 79882
70730 70729
77759 77758
71424 71423
79589 79588
76856 76855
72901 72900
77521 77520
73570 73568
78394 78393
74969 74968
74283 74281
73113 73111
71816 71814
75569 75567
70888 70887
71015 71013
78324
79389 79387
75996 75995
74276 74275
74996 74995
76625 76622
70969 70966
70914 70913
77226
72435 72434
70480 70479
73013 73012
70553 70552
72097 72096
70067 70066
76368 76367
77671 77669
75054
76075 76072
77770 77765
78950 78949
74080 74077
73891 73889
72103 72100
75490 75489
72271 72268
73129 73128
75023 75022
74914 74913
76433 76432
78313 78312
72282 72279
77471 77470
77167 77166
75924 75923
78352 78350
79259 79258
76064 76063
75991 75989
70662 70660
75668 75666
71922 71921
71818 71817
75374 75372
78552 78550
79370 79369
71535
75786 75785
78501
76081 76080
79777 79775
78127 78126
75333 75331
78647
77578 77577
73295
79932
75167 75166
78762 78761
76633 76631
72398 72396
72084 72083
77338
75549 75548
75305 75303
77043 77042
73525 73522
79055 79054
72492 72490
75083 75081
75602 75599
77193 77192
79748 79747
72240
75085 75084
77015
71674 71672
79584 79583
78471 78470
73301 73299
78275 78273
71608 71607
78663 78662
70636
70798
76452 76447
71490 71488
76414 76413
71974 71972
74764 74763
70809 70808
75913 75912
77256 77255
78307 78305
79013 79012
76906 76904
73811 73810
71328 71327
73599 73597
76465 76464
71218 71217
79179 79178
70530 70529
74013 74011
77432 77428
73173 73172
78934 78932
74403 74400
73638 73637
76752 76751
77796 77795
73262 73261
78492 78491
76948 76947
71353 71349
70109 70106
78302 78301
78642 78641
77546 77545
71979 71976
76531 76530
76528 76527
73859 73858
74002
70698 70697
75870 75869
72558 72556
76750 76749
75212 75211
70555 70554
72761 72760
72194 72192
71145 71143
78113 78112
79873 79872
70668 70667
71203 71201
77710 77704
71750 71749
74784 74782
71119 71118
76913 76912
76256 76255
72749 72747
75595
78988 78987
72414 72413
73805 73804
74607 74606
74140 74139
77291 77289
71797 71795
78853 78852
73506 73503
74213 74212
71068 71067
71720
70119 70118
79053 79052
71383 71382
73202 73201
79450 79449
72821 72820
76193 76192
74890 74889
79090 79089
71045 71043
72126 72124
70422 70420
79661 79659
73961 73960
70026 70025
70236
70695 70693
74127 74126
70489 70487
74595 74594
78003 78001
74206
71207
73286
74679 74677
72646 72645
71742 71741
75247 75244
72410 72409
74245 74241
74792 74791
75921 75920
77323 77322
70386 70385
70051 70049
73344 73343
79146 79144
78999 78998
75725 75724
70210 70207
77330 77329
70125 70124
79769 79768
71380 71379
78180
70036 70031
70690 70689
79424 79422
70739 70738
78915 78914
78588 78587
74506 74504
71659 71658
79481 79480
77977 77974
78891 78889
75340 75339
72262 72261
74415 74414
71027 71024
70578 70576
75604 75603
76170 76169
78459 78458
79538 79537
79433 79432
78045 78044
72952 72951
79918 79917
76275 76274
71352
72717 72716
77544 77540
73610
75556 75550
78974 78973
70622 70621
75423 75420
73579 73578
76015 76014
76322 76321
76754 76753
78859 78857
77567 77566
73740 73739
72137 72135
76035 76033
78559 78558
76455 76453
78253 78252
75309 75308
71411 71410
74148 74147
73447 73446
78189 78188
72355 72354
74850 74848
77163 77162
75217 75216
71599 71597
77040 77039
70951 70948
75060 75059
70551 70550
78434 78433
74086 74085
72727 72726
79080 79079
79881 79880
70199 70198
79405 79402
73184 73183
73388 73387
74152 74151
79518
72346 72345
72984 72982
79109 79108
75003 75000
72969 72966
79581
77716
78100 78099
79074
77764 77763
71954 71953
76648 76647
77777 77776
70115 70112
72384
72778 72776
74668
75817 75816
77734 77731
73459
71688 71687
76263 76262
73017
76756 76755
76335 76334
75073 75072
78193 78190
79239 79237
71770 71769
71530
72470 72469
75637 75636
76540 76539
79201 79200
73180 73179
76569 76568
75365 75364
73153 73152
78533 78532
75653
70103 70101
78474 78472
76892 76890
76226 76224
73193 73191
73625 73624
70566 70564
75743 75742
70818 70817
73170 73168
79122 79119
73567 73565
71740
75698 75697
74420 74419
73233 73232
71633 71631
70249 70247
71206 71205
71012 71011
72987
76807 76806
71640 71639
79981 79980
72415
71918 71917
73393 73392
79956 79955
77934 77933
70406 70405
76515 76514
73400 73399
71968 71967
75100 75099
78335 78334
77694 77693
76548 76547
73932 73931
78182 78181
73049 73048
71247
79365 79364
79249 79248
76385 76383
70123 70122
71087 71086
78784 78783
74674 74671
72054 72051
73677 73675
71473 71472
73287 73284
79924 79923
78832 78831
76853 76852
71561 71560
75203 75199
79011 79010
72001 71999
71806 71804
74496
75191 75190
76068 76067
75948 75947
79025 79024
71224 71222
76872 76869
73337 73336
72873 72872
71782 71781
70824 70823
73834 73829
79898 79897
71189 71188
76341 76340
71613 71612
76211 76209
78953 78951
71553 71552
79097 79095
76932 76931
75630
76918 76916
73120 73119
70040 70039
71244 71243
77160 77159
73853 73850
72841
79784 79782
72226 72225
76241 76240
70549 70548
71462 71461
71216 71215
70510
74396 74395
72531 72530
70791 70790
77258 77257
71813 71812
78429 78428
70097 70096
78266 78265
75272 75269
75472 75471
79195 79193
71422 71421
73560 73557
71660
79922 79919
76370 76369
72129 72127
73408 73407
73647 73646
71513 71512
79127 79126
72185
70721 70720
77096 77095
74453 74452
75354 75350
73558
77530 77529
76911 76910
71911 71909
76943 76942
75360 75358
78365 78364
78249 78247
76502 76499
78048 78047
71556
71933 71932
73056 73053
71538 71537
74541 74540
72947 72946
73981 73980
72818 72817
76998
71936 71934
72482 72481
77029 77027
73321 73318
70466 70465
77811 77810
75674
78670 78668
71829
70799 70796
72975 72974
77293 77292
72783 72782
77427 77426
79107
74597 74596
77898 77897
76115 76114
75378 75377
76166
77222 77221
75961
78338 78336
73789 73785
73532 73529
76934 76933
74235 74234
70862 70861
76163 76159
73383
74975 74974
73901 73899
77847 77846
78403 78402
70834 70832
77174 77171
76487 76485
79171 79170
72437 72436
74929
75572 75571
74825 74824
70459 70458
72604 72603
71060
74637 74636
75398 75396
77682 77680
70297 70296
79421 79418
70557 70556
70471 70470
78956
73413 73412
79037 79036
71756 71755
75470 75467
75677 75675
78509 78508
77550 77547
78427 78426
70795
76770 76769
70611 70610
75343 75342
72464 72462
75939 75936
72167
70455 70454
72595 72594
72118 72117
76504 76503
74908 74907
76110 76108
75070 75069
76411 76410
78052 78051
76216 76215
76008
74221 74220
77079
75906 75905
72723 72718
77186 77184
74921 74920
72554
79857 79853
73436 73432
73317 73316
73987 73986
75438 75436
79284 79283
75055 75052
74705 74703
70977 70975
75402 75401
72213
79158
74802 74800
79416
73630 73629
77781 77780
76963 76959
75774 75773
75823 75822
77332 77331
75651 75650
70140 70138
74355 74354
73550 73549
75683
78484 78482
75826 75825
70855 70854
75430 75429
78574 78573
78614 78613
70935 70934
71548
73658 73656
72696 72695
75788 75787
71399 71397
79903 79902
70242 70241
77250 77245
75432
77398 77397
75168
74721 74720
71301 71300
70457 70456
77592 77591
72592 72590
71794 71793
79354
76714 76712
73331 73330
79311 79308
70657 70656
76921 76920
75555
73649 73648
75791
72694 72693
75335 75334
75503 75501
75576 75575
73431 73430
76486
77598
73672 73671
75685 75684
71884 71881
77363 77360
76830 76828
78841 78840
73832
71111 71110
71666 71665
76330 76327
77268 77267
79375 79374
76389 76388
70325 70324
75688 75687
71531 71528
74226 74224
73342 73339
75096 75094
75424
79357
70240
71277 71273
70507
71551 71550
77334 77333
77311 77309
70625 70623
70190 70188
76128 76126
76727 76725
77105 77102
73359 73358
71250
70926 70925
70436
73279 73278
72666 72665
74259 74258
70938 70937
72997 72995
73395 73394
73401
75368 75367
74558 74555
75270
74713 74711
70202 70201
72393 72392
72040 72039
73720
70559 70558
70299 70298
69998 69997
71001 71000
75426 75425
74746
71647 71646
70220 70219
76178
72326 72325
77504 77503
72656 72655
74431
77501 77500
74918 74917
74357
78529
75258 75257
70011 70008
76005 76004
74252 74251
77886 77885
78007 78005
75639 75638
79663
72879 72878
74440
76141 76140
79724 79723
70234 70233
78349 78346
70353
73663
76300 76299
71700 71699
78057
75544 75543
72430
71610 71609
76839 76838
79940 79939
74203 74200
71137 71136
74329 74328
79319 79318
77195
70517 70515
78439 78438
72636 72635
75707
76874 76873
77047 77046
75442 75441
79496 79493
73726 73725
71053 71049
76203 76200
74250 74249
72163 72161
77467 77464
78630
70750 70748
70788
78715 78714
78539 78538
71166
74807 74806
78319 78318
72876 72874
79945 79943
70304
70189
79876 79874
71186 71185
73266 73264
70816 70815
73680 73679
74385
73894 73892
79966 79965
76288 76287
73028 73027
70372 70371
77242 77241
74155 74153
71023
71596 71595
74327 74325
78409 78406
71572 71571
74192 74190
74345 74343
75307 75306
79335 79334
77408
74476 74475
78469 78468
74818 74817
79486 79485
73084
70393 70392
73563 73561
79845 79843
77968 77967
77659 77656
72461
70536
78098 78095
72555 72553
77517
76139 76138
74855 74854
78981 78980
75087 75086
78684 78682
74005 74004
76683 76682
73766 73764
72165 72164
75097
73940 73939
78722 78721
76249 76248
78919
71618 71616
72219
70684 70680
70266 70265
71454 71452
74727
77902 77901
72580 72578
79847 79846
72663 72662
71764
79173 79172
77406 77402
71823 71820
70874
75777 75775
76221 76220
71923
70533 70532
75701 75699
70262
76765 76763
79610 79609
76122
72831 72830
74588 74587
79180
79563 79562
71127
77532 77531
73198 73197
70478 70477
74067 74066
78390 78389
75523
74171 74169
79970 79969
78139 78136
70519 70518
73935 73933
75633 75631
77223
78242
79630 79628
73427 73424
78420
75692 75691
70375 70374
79761
70159 70158
71664 71662
78361
72653 72651
73354 73353
73798 73797
78635 78634
78239 78238
75972 75971
70974 70973
75566 75565
70495
76199 76198
73219 73218
75647 75646
78507
76443
77084
78170 78167
71866 71862
79261 79260
72302 72301
77895 77894
72540 72538
77722 77721
76762 76761
78392 78391
79647
77073 77072
75820 75819
70419 70418
71151 71149
77357
70991 70989
77920 77919
77788 77787
70789 70785
71315 71314
77228 77225
78576 78575
76054 76052
76730 76728
74960 74959
72834
71319
70872 70871
77252 77251
70185 70183
75781 75780
73502 73500
76659 76658
79879 79878
77932 77931
70687
78224 78223
73495 73494
74337 74334
74090 74089
72372 72370
76841 76840
71629
71074 71073
73710 73709
73738 73737
78259 78258
74294 74293
70981 70978
75105 75101
74297 74296
73777
72441 72440
79503 79501
72177 72175
71336 71335
77458 77457
72808 72807
73469 73467
75041 75040
70733 70731
76718 76717
79941
79227 79226
77990 77989
73761
72105 72104
73416
70136 70135
76652
73583
71515
71464 71463
77404
71809 71807
79861 79860
77444 77442
72004
78317 78314
78421
72448 72446
71274
79698 79697
72012 72010
73051 73050
74244
78135 78134
70910 70909
72138
72894 72888
74287 74284
71761
76699 76698
74609
76088 76087
78683
73728 73727
71928 71926
79909 79908
76020 76019
71221
78059 78055
76897 76895
79327
74633
77818 77817
76479 76478
72075
75318 75317
79343 79342
71850 71844
74162 74161
74610 74608
76213
72780
77231 77230
71575 71573
71487 71485
72285
72008 72007
76692 76690
78913 78912
71788 71787
73906 73905
74534 74533
79619 79616
74305 74303
73462 73461
73471 73470
77804 77801
73457 73455
74330
73449 73448
73556
73453 73452
72574 72573
70130 70128
78780 78779
71103 71102
78506 78505
76003 76002
70917 70915
76037 76036
73915
72502
74723
71233 71232
72005 72002
75635 75634
76797 76796
74393
77156 77155
79608 79607
70528 70527
78902 78898
75449
72624 72622
74814 74813
76254 76253
75082
72671
79510
76812
72281
73024
78977 78975
70502
71090
75643 75642
79602 79601
72599 72598
72793 72792
70095 70092
74863 74862
76843
74248
70844 70840
77069 77068
79877
73618 73615
76604 76603
71088
76619 76616
70651 70650
71249
77260 77259
72570 72569
77703 77702
77092
77587 77586
75585 75583
74122 74120
73133 73130
76670 76669
74078
73326 73325
78879 78877
76137 76135
70252 70251
72913
75983 75981
79395 79393
73531
77235 77232
76484 76483
77918 77917
76521 76520
73882 73881
73848
79243
70719 70718
75690 75689
78083
73519 73517
79746 79745
72426 72425
71155 71154
75234 75233
78503 78502
78523 78522
74466 74459
76562 76561
79431
75141
75610
72550 72548
73585 73584
70275 70273
78691 78690
74943
74977 74976
76644 76643
70279 70278
78084 78079
72529
79721 79720
79859 79858
79042 79040
71789
79333 79332
77383 77379
70679
77310
78876 78875
70933
74113
73352 73351
76146 76145
77008 77007
73348
77303
79652 79649
76739 76737
79181
75371 75370
77751 77750
74135 74134
71581 71580
77560 77559
74214
76099
77463 77461
70889
76134 76132
76098 76096
71641
79713 79712
76879 76877
75729 75727
73991 73988
70714 70713
70046 70045
75584
71101 71100
71939 71938
72131 72130
72921 72920
74662
74919
75718 75717
76423 76421
78027 78026
72552 72551
79027 79026
70544 70543
76655 76654
76107
77853 77852
78328 78327
71021 71019
73151
73092
79889 79888
74901 74897
79901
78195 78194
74912 74911
77755 77754
78808 78807
76925
78168
73485
79805 79803
76891
78012 78011
78570
74962
75855 75853
71316
74125
78585
74488 74487
72729 72728
74520 74519
73341
70615
73856 73855
78689 78688
72870
70581 70579
76129
76956 76955
74124 74123
78370 78369
74964 74963
76387 76386
74470 74469
74380
72998
70391
71842
74545 74544
73731
71160
70117 70116
79000
72576
70289
75458
75466 75465
76889 76887
71076 71075
78824
77684 77683
78826 78822
79373
75958 75956
74891
77049
79085
72809
77134 77131
78802 78798
70156
71227
78933
70343
75538 75537
70281 70280
70768
73174
71457 71455
71792 71791
79783
76978
71388 71387
73046
76705 76704
72337 72336
73667 73666
74238 74236
72906 72903
78002
76029 76028
71192 71190
76653
72335 72333
74015 74014
73693 73692
77718
73492
74903
70592 70591
78422
76119 76118
72640
77594 77593
70173
75917 75915
78481 78479
73231 73230
74484
71871
72954 72953
76867
78362
75021
78733 78730
73190 73189
76429 76427
78592
70626
76438 76437
70960
70949
73748 73744
76543
76863
74119 74117
79662
75847 75843
78486 78485
72929 72928
78115 78114
78984
78979 78978
72116 72113
77816 77815
78748 78747
79688 79686
74409 74408
74425
74448
74205
77409
71593 71588
74188 74187
79755
71065 71062
78805
70347 70344
76066 76065
74910 74909
71311 71310
75886 75884
72026 72025
79827 79826
76938 76937
77921
77125 77123
75746
71566 71562
71208
75581 75580
71655 71654
75037
70859
73896 73895
73273 73271
75833 75831
75681 75680
73268 73267
77152 77151
77237 77236
73441 73440
76023 76022
74843 74842
76326 76324
76861 76860
72275 72274
70984
74809 74808
74267
74378 74377
70896 70895
73655
75362 75361
75946 75945
77564 77563
74699
77737 77735
70211
77908 77907
70187 70186
70672 70671
75390
79406
70520
73047 73045
72306 72305
71072 71071
72296
75394 75392
74547
73934
71276
71178 71177
70224 70223
73794
79331 79330
71269 71266
79948 79946
79893 79892
71174 71173
74753
72323
72095
79136 79135
73508
76987 76985
79130 79128
79855
74704
77596 77595
79728 79727
73776 73775
71746 71745
77681
76707 76706
78518 78517
72239 72238
73518
72924
72518 72517
75941 75940
72114
70464
70430 70428
74507
76771
70306 70305
77736
71231
73040 73039
76741 76740
73828 73826
77154 77153
72310 72309
75502
75974
73945 73943
73221 73220
73204
72742 72739
71096 71094
70023 70022
78602 78601
71724
72073 72072
75547 75545
72610 72609
77191 77190
70877 70876
70670 70669
74499
75341
79968
70303 70302
73836
77283 77282
70717
74240
76092
79792 79791
77619 77618
74518 74517
74758 74756
70382 70381
75846
75899 75898
77216
71386 71385
70033
75228 75227
78108 78107
75329 75328
77834
74313
79368 79366
70884
76393 76392
78598 78597
72480 72479
76961
76621 76620
73977 73976
71476 71475
75407 75405
70831
72140
72278
75505 75504
79188 79187
73752
78233 78232
75944 75943
79084 79083
78925 78923
76772
70380 70378
73323
73182 73181
72773 72771
71946 71943
70765 70764
71428
73289 73288
70230
75198 75197
75852 75851
73000 72999
74988
75897
72000
75414 75412
76268
72399
72156
71738 71736
73684 73683
76954
71905 71901
78306
70767 70766
71592
76589
72944 72943
79190 79189
72338
78854
79113
70994 70993
73979
76507 76506
73497 73496
70996 70995
73516
79221 79219
72631 72630
75518 75517
78457 78456
76649
70105 70104
78525 78524
71977
71779 71778
71368 71367
70850 70849
76694 76693
71057 71056
72582 72581
76153 76151
70399 70396
72559
79991 79987
73874 73873
75790 75789
77611 77610
73926
79689
73176 73175
70469 70468
71822
78797 78796
79722
72497 72495
73604 73603
72233 72232
70147
78228
75663 75662
76320 76319
72963 72962
73010 73008
77038 77036
74981
74336
75147 75146
73419
72186 72183
76343 76342
71018
70476
72251
71264 71263
79070 79068
75578
78708 78707
73602
73783
73528 73526
75237 75236
71445 71444
70091 70089
73110 73109
73117 73115
74628 74627
79528 79527
72499 72498
79132 79131
79426
79587 79586
70483 70482
79627
73852
78594 78593
70346
73112
73501
78995 78994
75902
72266 72264
78333 78332
78437 78436
76290 76289
73685
70090
77148 77147
74876 74875
74957 74956
78304 78303
79648 79646
75180 75179
72406
79479 79478
74673
70245 70244
79596 79595
71710
70514 70512
72990 72989
72584 72583
71890
71966 71964
79849 79848
77063 77062
78927
74128
77200 77199
76378
79534 79533
70099 70098
76630 76628
77905
71996
75654
70276
74983 74979
76376
72557
75494 75493
77429
74938
71904
75804 75802
76519 76518
72250
77945 77942
75750 75749
70330 70329
70239 70238
74781
76632
71680 71679
70986 70983
70107
73970 73968
73815 73813
77178 77177
72748
72439 72438
79121
72730
70608 70607
74219 74218
79475 79474
73951 73950
74481
74872
74361
76095 76094
71340 71339
74733 74732
74774
76822
70292 70291
77617 77616
75332
74073
74916 74915
76073
75928 75927
78272 78271
74348 74346
72688
71704 71701
76239 76238
71878
72256
70043 70041
74211 74210
74098
77809 77805
71975
74260
77981 77978
77396
71402 71401
78786
71978
70827
74269
72811
75291
74490 74489
74757
75552
78104
74926
70853
79361 79358
78936
75388
79304 79302
74955 74951
71569
77925 77924
79700
79307 79305
70268
70819
70546
72452
75145 75144
70042
74888 74884
77995 77994
77914 77913
71526
72173 72172
74460
74816 74815
70589 70588
74789
71882
78397
79643
79934 79933
72110 72109
74514 74513
73355
73983 73982
71443
77278
78268
74652
71010
71449 71448
76899
70007 70006
71973
77572 77571
76439
72715
79780
72670 72667
70359 70358
76492 76491
79509 79508
79458 79455
72882 72880
75812
71496 71495
70322 70321
71394
72390
79989
78700 78699
77711
71879
78476 78475
70692
78448
77626 77625
78411 78410
79825 79823
73238 73237
78543
70062
71861 71859
77034 77032
79004
73801 73799
77438
72094 72093
78000 77999
71713
72751 72750
74434
74634
78567
75284 75283
75665 75664
77341 77340
71007 71005
74799 74798
75158
79615 79613
74553
70345
75673 75672
74026 74025
73304 73302
72220
77318 77317
73965 73964
79555
76591 76584
72915 72914
77606 77605
74039
75230
70435
70784 70783
70494 70493
78652 78651
71033 71032
71606
73365 73364
78713
71287 71286
73435
76356 76355
74899
77392 77391
78129 78128
78211 78208
70708 70707
70635
74557
71193
78960
78229 78226
71988
79864
77730 77729
73751
70990
77769
75428
72405
76155
79114
70127 70126
73511
75811 75810
74388
75160 75159
73433
70318 70314
75813
71346
74790
77864
72155 72152
75705 75704
75803
75652
72848
77196 77194
70157 70153
73823 73822
79813
75563 75562
77206 77205
77475
79942
73320
71183 71182
79579 79576
73145
78038 78036
73590
77394 77393
77636 77633
75208 75207
71678 71677
77090
77496
78862
71868
75890 75888
70640
70524 70522
76894 76893
72447
70587
79324
79561 79560
75535
75623
75798 75795
78907 78906
77127 77126
72380
70953 70952
71467
71533
77948 77947
71437 71433
73493
74030 74028
79051 79050
72889
72837
70838 70837
78243
76038
70688 70685
79808 79807
72744
78326
74239
72443
77210 77209
74121
75075
75285
76375
71883
73043 73042
77884 77883
74846
78141
73058 73057
78687
74306
78778 78777
76062 76060
70002 70001
74237
77024
71294
71502 71501
73765
75736 75735
73955
71617
71281
73538 73537
72680 72679
76318 76317
75102
75397
79705 79699
74605
79186 79185
72050 72046
78463 78462
78106
71447 71446
71348 71345
75165
75044 75042
71913
72228
70317
72489
78339
75149 75148
72391 72389
70429
77489 77488
73473
76844
70323
75250 75249
72713 72711
76600 76599
70162 70161
70231 70229
79707 79706
77299
71132
77492 77491
77859 77857
75763
75747 75744
78515
78197 78196
70775
71214
78787
71478
79495
70629
75154
72308 72307
79556 79554
71242
72967
72785 72784
77880 77879
76799 76798
70572
77359 77358
76896
76968 76967
72513 72512
74018 74017
78681 78680
75908 75907
70710 70709
74775 74773
75657
72419 72418
77214
76663
77033
73574 73573
70250
78711
79631
77993 77991
71453
72146
72959 72958
75385
70967
78916
71586
75938
77130
70619
71935
71872
72537 72535
71026
72705
74852 74851
73920 73919
73135
79415 79413
70945
76442
75134 75133
79744 79742
79145
71279
75873
78623 78622
77319
77744 77743
78248
71900 71899
76232
71726
72654
71048 71046
70654 70652
75904 75903
77558
70204 70203
77314 77313
73030
74105 74104
70780
70427 70426
74464
72702 72697
70998 70997
79276 79275
71117 71115
70987
71559 71558
74207 74204
77980
72844 72842
76607
75880 75878
72823 72822
78097
73460 73458
74247 74246
77093
73792 73790
75632
72478
75806 75805
71170
75998
74053
76538 76537
79161 79160
72134 72132
77439
72766
74788 74787
70284
76161
74497
73718
78020
76000
77305
74292
73064 73063
71691
72032
79753 79752
78813
70749
78244 78240
77316
74083
71456
74859 74858
76056
70228 70226
77094 77089
76970
73386
71390 71389
76127
77239
79151
77413
78800
72315 72311
76296 76295
73521 73520
76276
78712
72485
74304
75667
76555 76554
71439 71438
72061 72060
78942 78941
75579 75577
72248 72245
71041 71039
79464
74450
73729
76229
71333 71332
76781
70955
75703
72092 72091
77790 77789
79559 79557
74571
72825
71114 71113
76711 76710
75932 75930
76971
72491
75881
73736 73734
72843
73255
72214
74602
70285
71240 71239
72978
78770 78769
78269 78267
77493
73311 73310
73688 73687
71196 71195
72460 72457
78548 78546
72063 72062
70467
77014
79125
73285
75345 75344
78867
76061
77161
75582
74285
78983 78982
79789 79788
79162
76131 76130
70088
70864
77973
73669
75347
77017 77016
72561 72560
74175
75035 75033
73515 73514
77387
77013 77012
79806
76360 76359
72664
74468 74467
75263
73640 73639
73479 73472
78790
78955 78954
74659 74658
77279
70659
78148 78146
71414 71413
71737
74079
71412
78948
76042
71819
74482
75093 75092
71860
79867 79862
74010
74895 74894
71520
73303
74413 74412
78959
78024
73137
71622 71621
71159
76657 76656
78803
79423
70600
70882
76463
74676 74675
71128
72070
70737 70735
71255
76223
77825 77823
77346 77345
72041
73572 73571
72674 72672
74579
76352 76350
77699 77698
71142 71141
76881
78931
72804 72803
78408
78756
70603 70602
73434
78571
70342 70341
78419
70928 70927
76764
76399 76395
74801
79547 79546
71338 71337
73477
79684 79683
78530 78528
73265
73420 73417
77670
71347
74130
72169 72166
77927 77926
78656 78655
72028
78125 78123
76999
78158 78157
75183
73616
77449 77445
71326
73791
77779 77778
74731 74730
70331
76900 76898
70605
72572
73717 73716
73114
70617
70916
72571
70143
79392 79390
72212
76165
71703
73652
76174 76171
77286
79452 79451
75280 75279
78010 78008
79578
72193
73995
78920 78917
72926 72925
76551 76550
77850 77849
73002 73001
73138 73134
78864
77176 77175
74029
71536 71532
75626 75625
75741 75739
70521
71187
71089
75964 75962
72071
71676
72923 72922
78105 78103
75130
78464
75809 75807
71611
73576
72102
78331 78330
72650
78110 78109
78071
72059 72058
77459
77679
73382
77308 77307
70313 70312
78737 78734
72634 72632
78341
79242 79240
74620
73674 73673
74952
72252
72543 72541
76557
71061
77446
78154 78153
71875
70965 70962
72931
77715 77714
78282 78281
79837
77423 77422
78679
76579
72619 72617
76218
75288
78860
79447
73698
74142 74141
76553
79009 79008
71693
76191
79790
79490 79489
78887 78886
79701
72047
74661
73559
73361 73360
71312
76345
72049
76045 76044
73007
76150
74363
71257 71254
72534 72533
74999 74997
75696
76691
75968 75967
79352
74667
71429 71427
73031
72514
71308
74093 74091
74435 74433
71416
73781 73780
71112
77085
79650
72020 72018
77824
72412 72411
72445
70516
73868
71035
76184
70868 70867
73566
74613 74611
71260
79045 79043
70542 70540
73759 73758
79279
73296 73294
78082
71064
79292 79291
76425
78424
75353
73146 73143
73825 73824
70018 70017
78719
79499 79498
78096
74870
76482 76480
78041
73768 73767
77937 77935
79021 79020
73756
78050 78049
77832 77830
73712 73711
75486 75485
75498 75497
70565
79310
72516 72515
75381 75379
73916 73914
72263
70732
76854
76332
75850
70504
72719
79869
71486
76641 76640
70956 70954
72886 72885
79958 79957
77749 77748
71895
71826
76477
78199 78198
77624
72833
76461 76460
75682
76944
76614 76613
71962 71961
73142 73141
70102
70778 70777
74900
73714
79019
71055 71054
70968
73812
73542
72643
78150 78149
74061
75393
72938 72937
70082
77943
70146 70144
71993
70839
78675
74687
78062
72294 72293
70443
77028
71296
76546 76545
77487 77486
79230 79229
73101 73100
77941 77940
71070 71069
78911
77655 77654
71971
72854 72853
75588
74112 74110
77247
71784 71783
72859 72858
74760 74759
75419 75418
72017 72016
74349
72743
76025 76024
71711
79427
71121 71120
75693
73864
77889 77887
74932 74931
78034 78032
74352
73750 73749
76034
76814
79117
79822
74902
72201
79399 79398
71719
74509 74508
75479
71673
75491
75409 75408
77065 77064
79477 79476
72956 72955
74495 74494
74576
72168
75836
72174
72449
73004 73003
74689
78151
70929
70473
78225
70843
75261 75259
77970
72128
72652
71671
78183
71209
79741 79739
74381
75200
75232 75229
77075
75447 75445
73116
75830
78673 78672
71004 71002
77371 77369
73082
76608
75117
70145
74777
78511
72442
78740
74133
74581 74578
71318
76058
73246
72675
73248 73247
75755
79469 79468
70866
75808
79018 79014
78627 78626
75911 75910
78839 78838
70402 70400
78322 78321
74437 74436
72247
70880
75514
75587
71841
79885 79884
76167 76164
79850
77106
71325
70407
70030 70029
78648 78644
79975 79974
71867
78116
77158 77157
70645 70643
76849 76848
76473 76472
77701
77264 77263
78133 78132
77964
78640
76777 76776
75887
71259
71836
71864
71733 71730
79737
70583
78169
78717 78716
74242
78218 78217
77115 77112
78405 78404
74530
71840 71839
72927
74391
76457
75712 75709
78201
78905 78903
75605
72259
72477
76618
70923
71037 71036
73482
79253
70438 70437
71355
76719
78693
75047
74698
78745
73837 73835
76732 76731
78909
72423
78214
73107
78751
76133
79044
76451
76261
74043 74042
75454 75452
71258
77562 77561
73340
76716 76715
77523
70048 70047
75028
72424 72422
78611
74724
79163
75122
74103 74102
77858
79300 79298
70658
73313
77912 77911
74001
74970
71480 71479
75986 75985
70936
77395
77455 77454
73312
74323
79048 79046
77678
78901
78835 78833
79118
75045
76626
79938
77088 77087
79824
79356 79355
70035
73350 73349
71017 71016
79818
77274
71238
74070
72496
76106
79197
72273 72272
77124
72069
78624
75027
74432
77185
78900
76634
73757
71291
70461 70460
70706
71525
79621 79620
70980
79750
75745
72454 72453
79695 79694
78260
79401 79400
77875
77213
78930
73239
78435
71191
71172 71171
73240
79177 79176
72472 72471
73993
79667
73552 73551
76078
71877
72563
76552
70508
72791 72790
72417 72416
72957
75215 75214
71415
72216
73091 73090
72732
71334
77204 77203
75201
78398
72769
75286
76143
79575
72330
79254 79252
71717 71716
79629
75796
73668
74060 74059
74058 74057
73539
79819 79816
77829 77828
70179 70177
70756 70752
70288
76016
74503 74502
77365
71796
71498 71497
74647 74645
70178
79811 79809
72567 72565
77713
71006
71894
75570
75966 75965
77634
71540
73171
78899
77767
71942
77613 77612
78412
71344
74874
74441
79278
78555
79367
73555
78944 78943
78447
75210
79743
70020
72616 72614
77708
78293
79326 79325
70842
76183 76182
76059
78704 78703
70858 70856
75714 75713
71927
75051 75050
73445
75209
78545 78544
70287
74954
70086
75053
76815 76813
79436 79434
78736
72332 72331
76791
72949
76448
76294 76291
77382
72363
76123 76120
74548 74546
77601
77083 77082
79225
72828
73653
75618 75617
71661
77939
71857 71856
70121 70120
74463
77814 77812
72618
75242 75241
74282
74573 74572
79685
72721
70725
78738
74500
74012
72528
70111 70110
75628
71302
79299
70568 70567
76818 76816
70727
78423
77861 77860
78607 78606
70192
71614
72188 72187
70277
74857 74856
79397
75223
75942
75597
71744 71743
78221
71958
74027
76344
70741 70740
74101 74100
72641
70348
78896
77534 77533
74531
72865
74772 74771
79703
71998 71995
75540 75539
77344 77343
78111
79617
74710
74617
78540
71568
75955
70421
71489
72801
75656
79372 79371
73384
72340
72352
74439 74438
76207
74429
78177
72207 72206
78241
76583
76511 76510
77752
71565
73293 73292
71837 71835
71635 71634
71753 71751
75676
77944
76588
72991
76585
78658
74586 74585
77946
71406
70258
79835 79831
72838
70216 70212
79778
70704
72904
79460 79459
79526 79525
75519
77295 77294
76661
77677 77676
72089 72088
72053
79287
71105
79376
74353 74350
74614
76960
73959
76306
76201
75606
72690
73023 73022
74230 74229
76651 76650
72971 72970
70214
75369
73207
74735
76489
75473
70366
77819
72341
73454
74543 74542
75837 75835
79500
78645
78138
76440
72722
76766
76736
73291 73290
70586 70585
73621 73619
79412 79411
74830
79854
73612
73164
78040 78039
76825
75355
70771 70769
75533 75532
71808
75176
70642
77183
77140 77139
72642
79149 79148
78616
78395
71949
79217 79216
79931
75363
79759 79756
78065
76919
78377
78965
72796 72794
74365
75366
76684
77009
72884
76230 76228
76846
73642
77368 77366
75559 75557
73796 73795
72608 72605
75311
71025
70408
76266 76265
78118 78117
76050 76049
74465
72887
72255
75792
71359 71358
72994 72992
72403 72402
71869
74684 74683
74619
73488 73487
70930
70655
75542
72179
73080 73078
75463
74778 74776
79382
74556
79954 79953
77048
78615
70447 70445
74551 74549
78549
79100
77111 77110
70308
73793
72432 72431
76069
73944
77786
76475
70444
75444 75443
76312 76311
76850
73277 73276
74045
78612
70691
79754
74177
77509 77508
70665
70886 70885
75048
76091
71470
74426
75546
74566 74564
71375 71373
73973 73971
74511
74660
74568 74567
79214
79654 79653
79443
70852 70851
78451
72875
74937
77707
79306
78795 78794
70222 70221
72829 72827
70538
70379
75095
72467
73335
73196 73194
76079
70398
70237 70235
73169
71855
79035 79034
78323
73821
70195 70191
71627 71623
71630 71628
75108 75106
75013
76662 76660
71432
71763 71759
73126
75834
71739
79875
79384 79380
76950
76738
74404
74047 74046
70113
71052
78799
78650 78649
79041
75840 75838
72706 72703
77651 77650
74108
76780 76778
72111
76794 76789
70805
79103
77609
73819
75728
70225
72547 72546
75916
70050
75049 75046
74351
73481
72292 72291
78710 78709
77916
77218
77843
77615 77614
79735 79734
78383 78381
78399
75885
71587
70254 70253
76827
72764
72934 72933
77628
79515
72585
78516
73245 73244
72312
75386 75384
73851
78222
70982
79154
75516
72673
77348 77347
75779 75778
74087
79315
78088
71329
74537
74993 74991
73235
79133
74516 74515
71574
79626 79625
73381
72176
78280
75740
72133
78006
77224
71351
73270 73269
74886
70309
72243
74685
71365
78056
77306 77304
70151
72082 72080
70486 70484
72321 72320
73938 73936
71078 71077
78990
79207
74948
76409
72522 72521
73820 73818
77367
72625
74382
71306 71304
72520
77728
74712
78171
78885 78884
73263
74615
75839
74879 74878
73150
77078 77077
73465
77877
78090
79296
79766
77035
75801 75799
72912
70523
75373
72484
71945
78514
75450 75448
74447
75608 75607
72221 72218
75710
71543
72101
74563 74562
73486 73483
78562 78561
73903
73333
71601 71600
77312
75876
79196
78009
74307
79388
74905
77664 77663
71350
77635
74178
79512
72891
79064 79063
73475
72475
75125
74096
77574
71811
79709
72191 72190
71299
79776
77753
79690
78760
74946
71505 71504
78895
78091
76757
73256
70132
72298
74623
71880 71876
71034
75245
76168
79199 79198
78828
71176 71175
73733 73730
73132
78432
75153
70663
76285
76431 76430
76307 76305
75867
74369 74368
72297 72295
74561 74559
70269 70267
70746
70776
72224
75868
78264 78263
73391
76593
72846
77037
78520 78519
77246
75327
74593
77799 77797
74990 74986
77580 77579
70450
78639 78638
70326
71848
72936
73425
72710 72707
76703 76702
76673 76672
75043
73547
74315 74314
74324 74319
71624
75213
72806 72805
79702
70209
74565
71400
70369
75301 75299
70590
75671 75670
71211
74834
75302
76401
70440
73468
77720
74640 74639
71643 71642
75513
71675
73708
70350 70349
76349 76347
77377 77376
76847 76845
71040
79282 79281
77494
74264 74263
72459
70755
74998
77599 77597
77060
74031
73061
75624 75622
70631 70630
71649
76586
71777
79096
70028
74173
75892 75891
72526
77086
79900 79899
76835 76833
70283
78121 78119
79120
71202
75481
70694
70243
78413
76196 76194
72860
77220 77219
77706
71396
79155 79153
74340
77581
77882
70259 70257
72589 72588
72593
78161 78159
77727 77726
75005 75004
74626 74625
70770
75206
73928 73927
76665 76664
79592 79591
74678
70681
71529
74356
71956 71955
76572
77985
79408 79407
78725
76735 76734
79441 79439
77372
77287
75730
74812 74811
77692 77687
71377
72644
70944 70942
76426 76424
78255
77474 77473
71144
73546 73545
76363
74333
71521 71519
75858
74604 74603
74144
71991 71990
78785
70148
77515
79030 79028
79236
72217
75359
72078
75104
78596 78595
76886 76884
74016
77414 77411
73958 73957
76286 76284
78633 78632
78315
72591
70847 70845
73849 73844
78892
71405 71403
73249
71833
79430 79429
71885
79506
74819
73614
79771 79770
73389
75010 75009
77390
72456
70373
77011
75152
79866
75295 75294
79513
73994
72286
78294
73592
70056 70054
70584 70582
71589
76786 76785
72429
74839
71997
72324 72322
71908 71906
76689 76687
78678
73613 73611
75453
75395
70368
73252
74869
71707 71706
75276 75275
76111
77507
70377 70376
74373
75080 75077
73026 73025
74332 74331
72965
75322 75321
72229
77400 77399
72898 72896
74745
70571 70570
77543
71762
72950 72948
72741
70744
78480
75484 75483
76162
73032 73029
74655
76456
74717
70232
74831
76009
79290
77104
74154
70683
74311
74164 74163
79517 79511
70539 70537
75464 75462
75934
78216
79124
75726
70724
74359
74810
73474
73257
70804
72334
75931
70079 70078
79104 79101
71265
73760
75590 75586
79138 79137
79832
78080
77976
76237 76234
79726 79725
77643
76197
75319
79184
76979
72935
70976
70950
78834
74630
75509
71213
73707 73706
73924
75612
70337
79821 79820
79378
71920 71919
72313
79838
77003
70772
74832
73319
74217 74215
77772
71059 71058
74265
71847
73192
79023 79022
77997
79930 79929
79911
72254 72249
77135
70200
70647 70646
71357 71354
72316
71271
70081 70080
70009
76624
79572
73872 73870
74992
72964
71292
78970
74797 74796
75231
74291
75421
71063
77122 77121
73808
79679 79678
72107
76077 76076
77950
71638
78035
73484
74657 74656
74692 74686
75614 75613
77006 77005
77951 77949
76379 76373
73949 73948
78513
72704
74550
77649
77806
72003
78187 78186
74156
76422
77497 77495
76353
79224 79223
73338
78431 78430
78296
76293
72371
72687 72685
71223
76404 76403
71431 71430
73587
75219 75218
79551
74406 74405
75011
77855
71947
79309
76517 76516
74642
73843 73842
77472
75316
74430
79834
73591
78343
79463 79462
76623
76811 76810
75716
78599
71404
73664 73661
73429 73428
79637
70939
78759
74944
76053
70918
72351 72350
70208
72545 72544
77466
72203 72202
75879
71584
76018 76017
77465
71916
72746 72745
75014 75012
70481
74201
75925
71725
72902
72397
71534
72864 72862
74383 74379
77511
76051
73088
72596
77315
72241
77800
75722
70294
72136
74399 74398
73038 73033
77661
75357 75356
73814
72633
77109 77108
77519 77518
76420 76419
73787
72681
72353
71014
71107 71106
70432
76189
70032
77888
78904
72458
76635
74138 74136
75281
71125
75541
72115
71028
79381
70723 70722
76559
71937
73505
71398
75406
74861 74860
78674
79339 79338
74424
72566
76402 76400
72215
79072 79071
70152
71831
78018
78122
71381
73930 73929
78215
77141
74233
76113 76112
79967
72993
77690
77080
74762 74761
70256 70255
71828
74980
77822 77821
75079
70154
79215
79087
75978 75977
78557
70541
76681
77956
76366
78102 78101
73140 73139
77362
78396
76316 76315
74407
73243 73241
79673 79671
70315
77867 77866
78964
73670
74967
79516
73480
75800
72367
78572
78810 78809
73772
76397
78137
79067 79065
74646
78210
76726
70577
79209
74961
75018
76842
78342
75766 75765
77499 77498
72011
76627
78526
77384
76859 76858
71800 71799
70846
71914 71912
78731
71798
79577
77588
79585
75515
75150
78746 78744
79267
79456
70215
77050
78702 78701
73254 73253
71766 71765
73900
78382
76381
74873 74868
77733
75162 75161
73527
77971
70574 70573
79194
74444
77803
78726
79687
71969
79139
74574
70425 70423
72030
79990
77136
75954 75953
74989
70410
77170
74063
74418 74417
76105 76104
73876 73875
74994
71887 71886
70462
73523
72980
78120
71591
70638
74688
75732 75731
73867
74268 74266
79110
78768 78767
76208 76204
77747
72701
72142
78816
72376 72374
73723
77375 77374
77938
74877
76283
74166 74165
74132 74131
76152
71081
76280
72149
79288
79863
74344
75025 75024
79640 79639
74076 74074
77217 77215
70627
73887
79704
78621 78619
73884 73883
75875
77198 77197
71604
74257
69996 69995
71104
77874 77873
72013
77632
79410 79409
73857
71047
79143 79142
77695
77370
76953
75320
79794 79793
79715 79714
73784
72319
75558
76481
71044
70355 70354
76972 76969
75071
79446
76617
77768
72036
74580
78191
78205
71728
71598
72683 72682
76610
78379
78329
78496
70599
71957
78237 78236
72961
73676
78825
70108
76235
77542
76805 76804
71603 71602
79483
74474 74473
76160
72347
75477 75476
78564
73908
70919
71474
78490
74524 74523
73444
71492
75111
79696
73937
72280
75271
78586
77248
79348 79344
76247
76609
70653
70894
76505
70992
75273
73910
73554 73553
71418 71417
77284
77648
70898
75174
75824
77869 77868
77460
75872
74035
72029
78401 78400
71179
71313
78888
73086 73085
72814
71226
73374
73020
78958
73890
77657
76188
70561 70560
77044
72349 72348
75686
78643
72476
72810
76901
71290 71289
78551
75433
72099 72098
75415
79959
70921 70920
74216
76462
75067
70908
79359
77527
72819
74883
73282
73380
79082 79081
76965 76964
75391 75387
72911
77986
72861
78441 78440
77420
75107
74632
79473 79472
71731
79312
74326
77328 77327
77202 77201
79651
70093
70661
72342
78629
76809 76808
78637
75282
70434
74670 74669
76010
77975
72125
71542
76941
75531 75530
74532
71164 71162
73880
71830 71825
78407
78993
76779
77417
73403
76264
79404
77962
71109
78354 78353
76829
72466
76582
71564
77549
75760 75758
76418 76417
79800
76915 76914
78366
77568
73871
70814 70812
71563
70794
76219 76217
76348
75814
76676
74445
75029
79440
72626
73378
75460
71362
75492
73589 73586
71503
73422
74821
79351
76416
71605
73372 73371
75784 75783
72288
77418
71278
71663
77792
79419
77234
74987
75527
73536 73535
77058
73782
78454 78452
73954
75844
70155
70397
70065
71051
73952
76930 76929
74527
79238
72209 72208
79622
73463
70248
73598
70941 70940
72840 72839
76832 76831
73879
72421 72420
79218
79812
79545 79544
78147
79301
78560
78659
74583 74582
79636
72056
73605
74462
70580
72836
79810
77773 77771
77551
74196 74195
71959
79002
73324
76880
79156
73041
79949
75700
79003
78821
71987
70490
70475 70472
70943
79457
75512 75511
73569
75748
74199
75857
71374
78477
78256 78254
74044
73990
70213
71729
70055
76222
72455
78791
76560
78179
71509 71508
79887 79886
79961
79928
74342 74341
74088
73715 73713
73213
72945
79289 79286
72698
76668 76667
74367 74366
78578 78577
73406 73405
78945
70597
75193
73831
73978
76364
75526 75525
76298 76297
72408
71802
77233
74690
74111
77957 77954
79865
72444
76454
77165 77164
77709
72981
70743 70742
74649
79294 79293
74794
75002
78227
78697 78696
72246
73620
74446
73260
72189
77172
77410 77407
72045 72044
72869
70024
73732
73562
71297
71888
72852
77180 77179
76567 76565
79767
72960
72868
70016
72395 72394
77249
71241
71256
78054 78053
76310
70193
73548
75821
77098 77097
74181
76783 76782
70531
71280
73409
76446
75062
70058
77725
71670
72597
71465
79984
72378
71082
74880
76493
74145
71651
75456 75455
76231
71003
73071
78081
71790
75431
77963
74707 74706
76695
71952 71951
79618
77988 77987
75446
79973 79972
77386
77774
79167 79166
72290
77107
75482
78582 78581
75389
72629 72628
76671
75769
74092
70644
73186 73185
73755
75776
72257
72022
76587
74982
76186
74290 74289
76374
72366
75351
77045
70715
75589
76597
73035
70614 70612
75131
76428
74309
71815
76733
73144
75568
73665
77637
72708
73942
76408
76233
70813
73418
73124
76549
76415
78037
79751 79749
72657
71066
74243
75600
75007
75554
75437
75238
75764
74965
74738
77583 77582
75248
79833
71434
78537 78536
78952
70825
72145 72144
71184
76962
71009 71008
76679
76837 76836
74823
76638 76636
79740
73490
70474
77689
74299
71989 71986
77955
74947
77290
79871 79868
76851
75794 75793
72532
78858
77958
77300 77298
70833
74767
72996
72542
78473
77479
77480 77478
79123
78450
73156 73155
74347
75017
76629
73205
79115
74416
77691
75601
72300 72299
75325
71514
72153
71780
78741 78739
77732
79454 79453
72373
73036
78732
78782 78781
74804
71821
74286
72940 72939
79147
71546
79664
75058
74335
79273
78775 78773
77208 77207
76109
78671
71692
76995 76994
71714 71712
71268
72795
77010
79078
74054
76907
72090
76471
72033
72983
73242
72407 72404
75702
76187
72684
76536 76535
71705
78075
74748
71140
70511
74202
75300
76270
72379
71356
77807
78347
73996 73992
75753
72600
73746
76040 76039
70786
70003
70905
78636
79417
76172
71696
77842
77891 77890
73841
74691
71194
76012
78058
72289
77541
71050
78735
74836
73617
77646
74719 74716
70891 70890
77262
78213
75854
75032 75031
75459
75427
76202
72375
75877
78750 78749
75937
74728
72899
77401
73018
77658
76903 76902
75661 75659
72668
77119
71775
75098
72143
71031
70044
79360
78869 78866
76928
79785
75298 75297
78316
71590
70787
71702
71910
77992
73251 73250
77484
70311
73641
74051
70797
76573
77378
79540
73540
77448
77553 77552
75818
79514
71732
75304
74599
74072
70463
75413
72568
71768
71915
75832
76121
78033
75754
77705
74318
77865 77863
78727
79504
72223 72222
76394
79894
71930
74397
71824
73280
79731
76173
77081
73034
73009
73721
70168
76701
79964 79963
73743
72503
72699
75175
79920
76190
77930
73456
79710
78963
72265
74505
73719
76358 76357
76709
72024
78776
72277 72276
79952 79951
73208
77761
73136
73745
73607
78603
78631 78628
76642
73678
77623
78590
76185
71760
76445
79925
78209
75089
71079
75720 75719
74322
77381
77022
77324
71754
70628
79345
72180
70446
77516
72908 72907
79988
70307
70682
75909
72905
70811 70810
71493
70131
74480
70848
72712
79383
71970
72066
76996
75649
71907
70829
70439
78078
70985
75950 75949
71805
71366
73376
77712
75151
77403
75422
79268
74052
72800
70696
78152
74718
72607
73989
70857
71097
70609
78257
74736
74714
70757
72463
72897
76206
76917
77688
71095
71303
78924
77982
70181
78371
72709
78074
72968
79465
75326
77462
72314
72579
76495 76494
75669
71846
70821
71295
71204
75658 75655
75845
75759
73686
79774
77485 77483
79914
75177
78890
70601
77723
75243
71288
75982
77740 77738
71341
70100
75815
76195
78878
71897
77436
74386
78654 78653
72151 72150
75468
71305
75068
70734
76328
77425
72184
74966
79129
75260
76090
73426
79830
70424
71849
75929
76529
76857
72112
73998
77405
77373
73300
75994 75992
73131
77840
70172
70137
76578
76500
76615
73272
70290 70286
74118
75564
77514 77513
79569
76577 76576
74065
76566
73786
74279
73581
76384
74402
76773
78351
79031
74635
74225
79346
72890
79285
76225
77133
72048
76905
75469
72883
70034
76470 76468
76713
73055
77273
74189
70753
78466
70616
72052
79175 79174
76469
79580
78976
72623
78937
78849
72857
79870
75256
75553
75205 75204
76820
77431
76544
78348
73747
73541
76354
73322
75889
73037
76729
73513
71827
70064
79205 79204
78752
77103
75186
77782
71583
73062
75157
73052
76258
78694
75088
73788
71845
70736
71810
78344
75711
74278
73827
77845 77844
70860
72871
78966
74822 74820
71689
78144
74320
70010
77808
74766
73869
75863 75862
76888
71718
72287
75138
71126
78968
72895
74844
79921
79558
72361
72511
78060
74643
74308
71960
77502
76986
73833
79461
70012
74726
76097
77535
75065
78818
79905
71163
78531
78874
76244
79102
73377
79660
73478
77960
72892
76267
75064
79844
77820
77775
78893
73969
70488
72612
75119
71523
72877
79403
72824
71477
78063
70613
76496
74770 74769
70395 70394
72798
76790
77644
74253
76136
71108
72253
72019
78212
70964
73074
78340
71436
72433
75975
73102
76205
73195
73366
77350
73118
77575
74972
71863
70499
76688
71944
70316
77342
78046
70184
73735
79971
77700
70260
79220
75495
74560
73633
70264
78160
76744
74682
74945
75103
70513
71865
75235
74170
72660
79763
74612
74978
78918
75979
76834
75648
79497
79804
76046
76236
70094
78521
77903
76864
73645
73724
71615
70282
76149
74033
71384
72765
72519
77447
72627
73806
77144
77838
71409
78661
76250
73396
76885
76351
71317
70988
78425
74069
70246
73608
78286
74928 74927
78178
77557 77556
72081
77100
79029
79435
79069
76085 76084
79674
71625
71965
77277
79549
70057
77936
72527
79257
77337
76396
79842
71767
71253
72692
76966
73308
76957
70716
77443
71248
78928
77642
78625
72539
78072
72767
74584
73346
73158
76501
70085
75128
74930
78547
79212
76001
77321 77320
79017
76323
73390
74853
77668 77667
78478
74898
76435
75287
74458
74254
77361
74849
74461
73162
72615
71524
73021
75990
77831
78176
75551
75296
77813
79494
75274
77915
70160
79817
76723
75660
77020
78374
73154
73694
76533
72401
73544
72893
70598
74598
72606
75782
73972
79907
76595
79944
78819
71442
78192
73941
70194
77979
78357
79396
73543
76792
79521
79641
73125
79758
70624
73079
79420
76637
77021
76817
74885
79049
77490
78554
75310
71632
72269
73800
76666
74114
73845
72006
72524
74421
71626
75963
70083
76951
73103
78830
71594
74648
73654
73662
76870
77053
73691
77881
77622
79644
71148 71146
74803
71752
70263 70261
78124
70310
77856
79092 79091
79798
77002
78865
70485
71963
75993
74750
72400
79522
71557
71838
76958
79543
77984 77983
78089
77724
70027
71042
73588
79757
75202
79632
76292
73636
70114
71669
76708
77798
71038
79950
76031
75496
76412
79241
78792
72977
76871
76760
76346
72714
75451
71435
74805
70363
71116
77854
72549
71902
71020
79272
70575
76700
77353
70782
70758
76074
72659
70014
72985
72851
72863
78174
77227
71323
76784
78386
74896
74082
75348
79682
75767
79414
79542
78774
70841
73913
73044
72720
74021
79066
71858
78320
79852
75139
71092
75380
79047
70227
72328
79353
74137
74106
78325
79851
71980
73840
70367
77430
78415 78414
70167
72797
78173
74050
79568
78972
75621
74934
74274
74722
72121
70830
79796
77524
77739
72826
72230
77450
73886
71772
71690
76746
77335
72637
76329
79691
77872
74958
78646
76227
79590
73147
77862
73305
74036
75926
77412
72669
71022
74871
70129
74492
73098
76021
75980
78455
74295
76590
70979
75034
72154
72881
74833
77456
71147
73476
72009
75829
77565
78337
74672
73504
78568
79582
77896
75185
72500
78166
70072
78823
77351
76793
70497
77364
76923 76922
78487
71903
79856
72700
79303
79675
78067 78066
78698
77848
71518
70751
78270
78483
74401
78991
76526
71267
76678
74953
79391
72267
76878
77802
73830
76823
73309
70453
73657
75352
78868
75337
76362
77742 77741
78527
76748
76377
74191
77019
73846
76259
77388
77355
79633
72087
70686
74321
79802
77548
75254
73722
72649
72772
74008
79211
79668
73564
72777
78842
79134
79150
77791
79656 79655
78669
73847
77380
74949
73438
70999
70970
76210
75922
77132
79060
72181
76398
71275
79672
78753
77173
79502
70947
79638
72676
78274
79947
75036
79913
75984
74129
76449
79222
72686
79015
77424
71150
73893
78493
77041
79347
77261
78793
72740
75078
78417
77452
79265
77091
70068
70401
71843
78453
76325
74624
75246
72737
79233
70946
73628
74783
75001
72270
76927
75330
77851
77766
74715
76639
70271
71873
72536
74288
79016
73773
76406
71715
75957
76278
78801
76795
79228
74360
70139
78004
74887
73011
75715
73068
70759
73524
76086
75914
78620
78610
70963
78504
71130
74358
71458
77113
77114
71982
75865
79152
74020
78600
75061
77229
72343
78345
73329
74828
79111
73530
73854
74638
77188
79394
79935
79614
