744
1
146 144
11
45
12 10
2 0
72 71
227 226
119 118
228
19
7
186
101 99
18 15
24
769 765
53 52
70
5
814 813
160 158
117 116
689 686
63
829
42
674 673
3
179
8 6
189
90
527 525
124 123
278
472
55 54
88 86
166
182 180
286
37 36
109
715 714
98
193
50
449 447
683 681
92
82 80
30 27
61 59
150 147
44 40
26 20
89
9
167
149
35
121
395 394
128 126
83
367
28
221 218
87
164
113
13
433
890
381
392 390
108 105
229
301
376 375
148
989
588
199 198
65 64
314
29
41
137 134
247
302
176
204 200
585 583
111
201
174
215 214
219
329
254
319
185 183
58 57
93 91
877
698 697
260
307 306
209
103
194
85 84
414 413
558 553
554
253 252
127
32 31
703 701
333
115 114
51 49
712
47 46
331 330
250 249
142
234 231
566 564
429
399 398
348
224 223
257 256
261
38
275
139
155 153
196
944
181
211
233
518 517
216
112
132
653 651
258
210
371 368
406
79 76
754
162 161
430
195 191
478 476
504
48
526
272
73
143 138
450
43
14
207 206
240
157 156
486
288 285
136
639
74
298
23
616
106
383 382
500
141
242 238
408 407
203
169 168
802
328
498 496
130 129
514
269 266
402 401
309
34
696 695
190 188
241
22
60
709 705
248 246
717 716
349
479
225
120
235
344 343
320
237 236
264 263
104 102
165 163
268
351
107
212
175 173
152 151
803
177
792
192
299
276
366 365
437 434
551
220
25
244 243
4
387
69 68
332
78
357
532
284
340
706
859
21
33
361
396
880
316
341 339
187
75
327 324
251
208
423
446
391
540
280 273
245
364
304 297
354
370
784
159
862 861
360
97 96
758 753
217
482 481
417 415
550
154
671
172 171
453
255
267
994
619 618
559
388 386
125
644
424 422
519
232
377
346
555
574
287
313
522 521
571 568
385 384
722
731 726
397
133 131
546
213
443 438
836
95 94
315
582 581
338 337
580 579
597
848
290 289
410 409
659 657
785
281
56
305
942
465 464
645
140
62
274
881 879
629
768
499
468
295 291
561
746
573 572
771
491
355 353
513 512
222
988 985
300
271 270
441
67 66
483
456
279
145
374
425
605
556
516
469 466
544 543
462
575
294
909 904
458 455
612 609
626
77
473
350 345
420
435
81
373 372
312
296
336 335
511 510
563 562
608 607
617 615
520
610
442
623
277
416
744 740
648
946 945
488
632 631
594
821
400
493
323
743
492 490
852
475 474
650
667
378
552 548
625 624
801 800
962
110
293
489
262 259
380
530
643 637
663
404
352
497
17
178
454 452
819
369
791
824 818
292
529 528
536
451
467
347
773 770
549
431
732
603 601
694
806 805
854
926
502
557
590 589
432 428
570
358
265
100
856 853
578 577
239
389
507
322 321
817 816
867
677
184
606
436
509
318 310
565
197
708
325
775
463
688
613
704
810 808
798 797
781 774
789 788
812
393
405 403
885 884
584
661 660
646
630 628
679
654
363 359
170
682
411
495 494
895
737 735
282
855
421
535 534
202
841 840
460
622 620
649
39
135
524 523
711 710
334
969
845
600 599
728
976
531
831
539
986
471 470
723
914
461 459
690
480
439
445 444
804
721 720
725
729
666 665
427 426
911 910
847 846
828 825
830
326
887
477
638
838 837
799
702
303
379
943 941
621
485
858 857
419 418
899
933
487 484
974 973
963
670 668
718
538
640
892 891
614
592
883 882
412
440
647
794 793
906
736
672
730
733
362
790
839
807
541
596
691
913
992
503 501
655
700 699
776
964
920 919
997
783 782
796 795
752 751
897 894
999 996
844
981 980
934 932
978
685 684
757
863
642
917
542 537
591
627
664 662
849
687
745
995 993
860
921
533
587 586
767
567
905
727
984 982
734
928 927
230
283
636 635
888
868 866
957 956
598 595
878
680
779
772
918 916
865
669
755
833 832
850
515
569
925
979 977
954
611
763 762
604
915 912
713
764
457
908
939
748
16
787
874
811
843
851
991 990
872 871
893
951
822
975
870
676 675
889
940 937
903 902
823
820
864
786
835 834
935
930 929
593
750 749
924
652
777
815
311
739
968 967
122
508
641
760 759
998
972
900
205
827
761
960 958
576
886
308
953 952
741
950
907
901 898
356
506
949 947
876 873
656
678
693
724
896
923
936
948
987
747
955
922
983
966
875
317
342
448
505
602
778
547 545
742
965 961
634 633
756
766
826
959
560
809
658
780
692
707
738
719
