6691
79992
84252
80175 80174
83832 83831
80087 80086
89231 89230
88815 88813
82595 82594
81527 81525
85492 85491
84262 84261
84353 84352
83124 83123
85344 85342
89666 89665
80517 80516
88022 88021
84341 84340
88698 88697
83513 83511
83219 83218
83355 83353
83368 83366
83329 83328
87452 87451
82916 82915
80834 80833
88055 88054
82189 82188
81140 81138
81929 81926
84056 84055
81185 81182
81955 81954
82643 82642
87788 87785
81560 81559
81996 81994
83868 83865
82592 82591
87578 87576
80954 80953
82337 82336
84095 84091
84893 84892
85712 85711
88980 88979
83223 83220
84393 84392
87111 87110
84061 84060
88982 88981
88390 88389
84321 84319
86216 86213
88232 88229
80432 80431
85179 85178
81491 81490
80839 80838
80398 80396
80404 80402
87753 87752
86771 86769
87604 87602
82242 82241
84714 84712
86228 86225
87023 87018
86456 86454
88457 88455
81832 81831
83784 83783
81837 81835
89453 89452
83412 83411
87740 87739
85529 85528
88025 88023
84990 84988
80419 80416
85838 85836
81081 81080
89992 89991
82157 82156
82248 82247
85360 85359
85708 85707
81530 81529
86032 86029
81615 81613
81162 81160
85733 85732
86742 86741
81847 81846
88094 88093
87407 87406
84829 84827
89433 89432
82659 82658
87566 87565
87103 87099
88324 88322
81073 81072
86521 86520
86579 86577
81893 81892
80178 80177
84598 84597
89811 89810
86152 86151
80208 80207
82697 82696
89909 89908
80062 80060
87678 87675
88543 88542
86235 86234
82043 82040
87404 87403
89953 89952
82258 82255
83586 83585
83195 83194
80115 80114
80173 80170
87508 87507
89724 89723
80914 80912
86294 86293
89615 89614
88631 88630
87708 87707
85407 85405
89262 89259
83389 83388
80522 80521
82640 82638
85990 85987
86495 86494
87545 87540
83665 83663
89573 89572
89387 89385
89804 89801
86777 86774
80884 80883
80918 80917
82867 82865
89697 89693
85066 85065
82263 82262
82827 82825
81282 81281
84668 84666
88287 88286
82540 82538
87913 87912
86759 86758
85387 85386
80019 80018
81632 81631
87595 87593
89126 89125
84871 84869
84215 84213
88883 88880
89668 89667
80332 80331
80738 80737
82664 82661
83420 83418
86086 86085
81541 81540
89849 89848
85561 85559
89228 89226
80250 80249
81364 81363
81652 81651
82515 82514
84501 84499
83599 83596
82873 82872
87549 87546
89017 89016
82957 82956
87650 87649
84590 84589
82864 82860
87224 87222
83436 83435
81709 81708
81190 81188
80670 80669
85527 85524
84853 84852
87615 87614
80764 80763
89870 89867
86993 86991
85021 85020
80195 80194
80258 80257
86394 86393
89522 89520
81285 81283
87210 87208
89333 89330
80072 80068
89052 89051
85365 85363
85472 85471
89492 89491
89640 89638
82282 82280
88720 88719
89972 89971
83066 83065
88646 88645
83380 83379
82060 82058
84606 84605
88529 88528
83679 83676
82546 82545
89790 89789
85334 85331
88802 88800
80628 80627
80916 80915
80348 80347
87932 87931
80126 80124
84709 84708
82581 82580
88481 88479
83699 83698
85485 85484
86581 86580
87980 87979
83284 83283
84407 84405
84120 84119
84217 84216
86169 86168
81916 81914
83017 83016
89235 89233
84735 84732
85081 85080
84700 84698
80787 80786
83531 83529
81023 81022
88852 88850
80237 80236
86012 86011
81538 81537
89223 89222
81688 81687
80594 80593
80267 80265
84031 84030
83570 83569
87148 87147
81980 81979
83690 83687
81498 81497
85509 85508
81408 81407
85912 85910
81558 81557
84054 84051
82393 82391
87366 87363
89917 89916
81547 81544
84296 84295
85049 85047
88358 88357
86274 86272
82965 82963
82205 82204
86068 86067
84532 84531
89692 89691
80731 80730
86054 86053
84459 84457
83503 83502
80188 80186
88805 88803
88832 88831
85152 85151
83072 83071
82020 82019
81826 81825
85291 85290
89740 89737
80231 80230
88938 88937
84027 84025
84422 84421
81458 81457
82590 82589
89759 89758
85985 85984
80024 80023
85758 85757
83182 83180
81942 81940
80723 80716
81883 81882
88966 88962
81984 81983
80532 80530
80340 80339
85339 85337
81109 81108
86386 86385
88126 88125
88098 88097
81343 81342
80183 80182
85198 85197
80700 80699
82397 82394
87737 87735
80313 80311
89111 89109
84588 84587
82645 82644
80242 80241
87901 87899
89683 89682
85356 85355
88675 88674
81402 81401
81853 81851
88749 88748
85370 85369
89930 89928
81507 81506
88610 88608
86896 86894
82845 82844
86817 86816
82011 82010
81813 81811
87820 87819
85832 85831
84203 84201
83778 83776
82683 82682
83906 83905
86231 86230
82027 82026
83144 83143
87564 87563
83193 83192
80319 80318
87457 87456
88270 88268
81208 81207
89372 89371
85156 85155
86208 86206
84979 84977
83975 83974
83549 83548
83654 83653
89182 89181
83841 83840
80430 80429
82351 82350
86513 86511
80007 80006
84182 84178
87491 87490
84109 84108
89598 89596
84642 84641
83429 83427
81543 81542
88501 88499
86436 86435
86335 86334
83121 83116
89116 89115
85689 85688
87627 87626
86140 86139
85138 85136
88265 88264
84242 84241
86176 86174
82907 82906
86005 86004
87653 87651
82959 82958
86696 86695
87521 87519
80576 80575
80092 80091
83999 83997
83749 83748
88192 88191
81262 81261
88223 88222
83027 83025
81268 81265
82785 82784
84771 84770
89979 89978
87862 87861
89158 89157
88687 88684
86914 86913
82074 82073
83747 83746
84361 84360
83981 83978
81083 81082
87710 87709
88563 88562
82811 82810
89142 89140
83406 83405
83179 83178
87951 87950
80665 80660
86554 86552
83033 83032
80926 80923
82080 82077
85186 85185
83991 83989
82498 82497
87898 87897
82871 82870
83520 83519
86218 86217
88514 88513
81014 81013
86625 86624
87178 87177
81489 81487
80659 80657
89498 89497
89132 89131
87468 87466
86090 86087
89813 89812
88139 88137
83457 83456
82869 82868
83479 83478
80501 80500
89763 89762
89486 89485
83395 83394
85856 85855
87244 87243
86330 86329
81607 81606
83683 83682
82556 82554
82848 82847
83659 83658
84594 84592
85761 85760
87865 87864
88761 88760
86487 86486
85940 85939
81904 81903
89356 89355
80714 80711
89367 89365
80479 80478
84629 84627
82913 82911
84130 84129
85204 85202
84192 84190
88919 88917
84103 84102
80865 80864
81252 81250
89895 89893
81834 81833
80111 80110
80244 80243
83094 83093
87278 87277
82105 82103
86171 86170
86833 86830
89446 89445
83517 83514
84719 84718
81959 81958
84837 84835
87487 87486
81008 81004
81098 81097
87992 87991
87639 87638
88338 88336
83657 83655
85164 85163
80656 80655
86622 86621
80454 80453
81790 81788
85350 85349
80129 80127
81021 81020
82513 82509
89938 89937
87822 87821
86010 86006
86840 86839
82378 82377
81390 81388
82094 82093
83945 83942
83128 83127
89468 89467
84452 84449
88386 88385
80428 80427
86912 86911
85851 85850
82408 82407
88549 88548
84337 84335
84773 84772
88613 88612
81921 81919
86478 86477
87067 87066
85245 85244
88706 88704
83242 83241
82919 82917
85617 85615
84855 84854
85256 85255
83770 83769
84189 84187
81889 81884
88314 88311
86761 86760
84164 84162
87169 87167
87851 87850
88904 88903
89590 89589
89841 89840
86313 86310
81982 81981
89463 89460
87636 87635
84227 84222
87246 87245
80005 80004
89744
83537 83536
80672 80671
83448 83447
88771 88770
85896 85893
89628 89626
87185 87184
87358 87357
84568 84565
87308 87307
84271 84267
89302 89299
81792 81791
86662 86660
86604 86603
88694 88693
81205 81204
83662 83660
86317 86316
88824 88823
89395 89394
89174 89173
86918 86916
85635 85634
88009 88008
80120 80118
88476 88475
87193 87191
84519 84518
86785 86781
88683 88679
86482 86481
87876 87875
84983 84982
88106 88100
87206 87205
86986 86984
80650 80649
80276 80275
80869
85041 85039
81591 81589
85696 85694
85307 85305
80443 80442
85703 85702
85537 85535
86257 86256
86808 86807
84167 84165
89427 89426
80346 80344
82273 82272
82899 82896
84851 84850
89889 89888
85802 85801
82768 82767
87591 87589
81961 81960
86730 86728
88589 88588
85706 85705
86974 86972
86400 86399
81520 81519
85321 85314
85558 85557
87493 87492
83461 83460
86501 86498
88934 88930
86789 86788
89911 89910
89335 89334
86751 86750
85044 85043
85643 85642
82922 82921
81045 81044
84924 84923
87842 87839
87384 87383
86307 86306
86844 86843
82384 82382
87878 87877
84683 84682
83319 83318
81568 81566
84325 84324
81324 81323
82537 82536
89855 89854
87984 87983
83834 83833
87511 87509
86586 86585
82800 82799
87682 87681
85793 85792
89690 89689
86473 86472
89083 89082
86611 86609
82318 82317
85770 85769
87473 87471
88237 88236
86052 86051
82666 82665
89220 89218
81735 81734
89441 89440
88867 88866
85579 85578
84596 84595
83937 83935
82988 82987
82677 82676
83844 83842
82008 82006
88397 88395
81192 81191
86287 86286
86801 86799
83215 83214
83813 83812
83282 83281
86940 86939
81345 81344
84673 84672
84437 84436
82287 82286
82054 82049
81659 81658
89767 89766
87845 87843
86017 86015
83375 83374
89450 89448
86948 86947
89100 89099
87601 87596
89075 89074
89923 89918
85192 85189
89360 89358
84765 84763
84825 84824
84050 84049
87613 87612
80604 80603
87533 87531
82091 82090
82232 82231
83335 83334
83089 83088
88121 88119
87917 87914
84506 84505
81972 81971
85169 85168
85612 85611
84490 84489
82544 82543
84504 84503
84626 84623
88945 88943
87339 87337
88011 88010
83584 83583
85552 85547
83790 83788
86567 86564
89011 89010
87183 87182
84355 84354
82485 82484
84675 84674
89699 89698
89583 89582
80163 80162
88885 88884
87506 87503
80373 80371
80191 80190
86246 86245
88523 88522
89728 89727
80813 80812
84461 84460
80744 80743
88178 88177
82520 82519
80940 80938
88509 88508
89384 89382
84236 84234
81293 81292
85262 85261
89188 89183
80229 80227
86852 86850
87323 87322
82637 82635
82999 82997
87040 87039
80853 80852
80809 80808
84883 84880
82462 82461
80692 80691
83259 83257
84400 84398
86003 86002
88847 88846
81454 81453
81624 81623
84815 84813
86956 86955
88888 88886
87799 87798
85546 85545
85412 85411
88419 88417
88993 88992
86106 86104
81760 81759
87838 87837
85804 85803
85693 85692
84956 84954
86787 86786
85700 85699
88032 88031
85497 85495
85927 85926
89777 89775
86166 86165
83560 83559
81480 81477
84098 84097
87000 86999
81166 81164
83404 83403
85875 85873
88442 88439
81322 81321
86943 86942
82390 82389
84266 84264
80204 80202
81347 81346
85921 85919
82857 82854
84111 84110
86683 86682
86632 86631
83772 83771
88326 88325
81767 81765
81953 81950
85954 85953
87249 87248
88556 88555
84377 84376
88789 88788
83235 83233
86982 86979
83288 83287
85755 85754
87419 87418
86150 86148
86953 86950
89381 89379
89546 89543
86747 86746
89806 89805
88497 88495
87350
82777 82776
86309 86308
80360 80359
87828 87827
88732 88731
87174 87173
87441 87440
89040 89039
82076 82075
83295 83290
86648 86647
81515 81512
87552 87550
84210 84209
85115 85114
89353 89352
89305 89303
81114 81113
82517 82516
83761 83759
81938 81937
89637 89634
83311 83310
89580 89578
88865 88864
81639 81638
88087 88086
82449 82448
89607 89606
82983 82982
85938 85937
80463 80460
83256 83255
81644 81643
87330 87328
83917 83916
83177 83176
87171 87170
80157 80156
84611 84608
80754 80753
89038 89036
80066 80065
84540 84538
85783 85781
89887 89886
84397 84395
80570 80569
85362 85361
80507 80504
85425 85424
88664 88663
80014 80013
83213 83212
86738 86737
89170 89169
83112 83110
83253 83251
83737 83734
84940 84938
82114 82113
83642 83641
85268 85266
85657 85655
81583 81582
86938 86937
86103 86102
82045 82044
85242 85240
89054 89053
87347 87346
85285 85284
89474 89473
82036 82035
82150 82147
80323 80322
80139 80138
89588 89587
88066 88065
84146 84145
81077 81076
87318 87316
87343 87342
88310 88308
85650 85649
80997 80996
89243 89239
86946 86944
84640 84639
80148 80147
87237 87236
82508 82507
80459 80458
81809
81483
84862 84860
89765 89764
87436 87435
81605 81604
81655 81653
85861 85860
88402 88401
80301 80300
88394 88391
88512 88511
86276 86275
81902 81900
87712 87711
84942 84941
84047 84046
86861 86860
85033 85029
85766 85764
88448 88447
88214 88213
87970 87969
87734 87733
81033 81032
80634 80632
87746 87745
86252 86251
81247 81246
80602 80600
88991 88989
86347 86346
80273 80270
86115 86114
82182 82181
85872 85871
87117 87113
88465 88464
86588 86587
82312 82311
89215 89213
89642 89641
81565 81564
83337 83336
80756 80755
86873 86872
83753 83752
87768 87766
88272 88271
88074 88070
87465 87464
87158 87157
83238 83237
84819 84818
81727 81726
84831 84830
82116 82115
83493 83491
87005 87003
82553 82552
89577 89576
80411 80410
89878
81691 81690
88332 88331
84644 84643
84475 84473
88190 88189
80969 80966
89505 89504
81155
80056 80055
84620 84619
80352 80351
88745 88744
83805 83803
85446 85444
81351 81350
87146 87145
88521 88520
82895 82894
82572 82571
85747 85746
81878 81877
83161 83157
85113 85109
88285 88284
85094 85093
80952 80949
86446 86445
86569 86568
82214 82213
88492 88489
83547 83546
88970 88969
81468 81467
82304 82302
80710 80709
81576 81575
82447 82445
82714 82713
81359 81357
84901 84900
83523 83521
82056 82055
84918 84913
87377 87376
87463 87462
80456 80455
89829 89828
83900
80667 80666
89118 89117
88454 88449
80105 80102
81779 81778
80893 80891
87810 87809
87058 87057
89747 89746
83044 83043
82910 82908
88593 88592
82625 82624
80647 80645
89538 89537
80515 80512
87826 87825
86901
80750 80749
82723 82720
84849 84848
83725 83723
82893 82890
82703 82702
84948 84946
87268 87267
88340 88339
86654 86653
88570 88569
85402 85401
86630 86628
84691 84689
86432 86431
87443 87442
89144 89143
85992 85991
85780 85779
80201 80200
85964 85963
86510 86509
81822 81821
88278 88277
89753 89748
81816 81815
85716 85715
87695 87692
86360 86359
84107 84106
89000 88998
89282 89281
80503 80502
82474 82471
81857 81855
87560 87559
82266 82265
84418 84417
83539 83538
81316 81313
85788 85787
83426 83425
88468
87908 87904
88173 88172
86065 86064
81503 81500
88602 88601
85800 85799
86366 86365
80389 80388
82481 82480
84364 84362
82622 82621
82695 82694
84547 84546
83266 83264
84304 84303
85380 85379
85795 85794
81176 81174
80825 80822
85898 85897
88650
88730 88728
85128 85127
88400 88398
81665 81664
85565 85564
81064 81063
86535 86534
81754 81753
81272 81270
81460 81459
84705 84703
85623 85622
89885 89884
81331 81329
82618 82617
86240 86238
89408 89405
89496 89493
80706 80705
84760 84759
85735 85734
83595 83594
82708 82704
83209 83207
81875 81874
81287 81286
85604 85602
85864 85863
87141 87138
80288 80287
83541 83540
88518 88517
85283 85282
87199
81312 81311
82599 82598
87201 87200
81987 81985
87356 87355
82135 82133
80448 80447
87368 87367
89975 89973
87666 87664
86301 86299
84469 84468
87097 87093
82316 82315
81027 81025
81739 81737
88822 88821
83895 83892
89397 89396
81637 81636
87155 87153
83441 83439
88132 88131
83012 83011
84497 84495
81866 81863
89565
84420 84419
88018 88017
85494 85493
80904 80900
81217 81215
81674
82236 82235
80166 80164
89268 89267
89843 89842
85325 85322
81030 81029
83040
89201 89200
85368 85366
80292 80291
86442 86441
86692 86691
87056 87054
89824 89822
82884 82883
82815 82814
89632 89631
89625 89624
88696 88695
89020 89018
85046 85045
88627 88626
81563 81561
80181 80180
87126 87124
89015 89012
88968 88967
87847 87846
85499 85498
82457 82456
87849 87848
80290 80289
81657 81656
84745 84744
83534 83533
81713 81712
84044 84042
87773 87772
80821 80819
80415 80412
88099
83799 83798
89195 89193
88718 88717
83763 83762
89558 89557
81706 81703
88925 88924
86988 86987
88203 88202
88743 88741
83823 83820
83499 83497
80295 80293
84083 84081
86506 86503
82261 82259
88247 88246
81496 81495
88559 88558
85329 85328
89002 89001
83986 83984
80467 80464
81463 81462
89671 89669
86124
80085 80082
84858 84856
87251 87250
81332
83342 83341
82167 82166
84076 84075
88845
82765 82764
86701 86700
88600 88599
85225 85224
84116 84115
89988 89987
86744 86743
88251 88248
81867
86906 86904
82691 82690
85144 85143
88855 88853
87134 87132
89154 89153
85219 85218
80214 80211
88972 88971
81586
89089 89088
80343 80342
83187 83186
86420 86419
81275 81274
84662 84661
84345 84342
88591 88590
88369 88368
87973 87972
84255 84254
83014 83013
89826 89825
85217 85216
82169 82168
82032 82030
84898
85848 85847
81327 81326
82153 82151
88775 88774
89176 89175
87411 87410
81810 81808
81622 81621
82039 82038
89024 89021
81203 81202
88015 88013
80687 80685
87413 87412
88858 88857
88156 88154
83765 83764
87227
83103 83101
84755 84754
80364 80363
80989 80987
84059 84057
80383 80381
80078
81075 81074
89566 89562
85911
80542 80540
81124 81120
82098 82097
84790 84788
83142 83141
85590 85588
87630
82121 82120
88780 88776
82813 82812
86145 86144
80630 80629
82025 82024
84142 84141
88597 88595
84751 84750
83948 83946
80137 80135
82688 82687
86084 86082
80321 80320
85866 85865
82333 82332
83442
83107 83106
84195 84194
87744 87743
83047 83045
83326 83325
82560 82558
89561 89560
80451 80449
83225 83224
81939
83201 83198
82950 82946
84066 84065
88090 88088
81771 81770
89341 89340
84839 84838
82102 82101
89585 89584
81181 81180
88259 88258
89525 89523
84002 84000
87874 87873
86590 86589
81089 81088
87313 87312
87777 87774
85160 85159
86414
88948 88946
82928 82926
86963 86962
83300 83299
82387
86023 86021
89655 89654
86194 86191
89425 89422
87962 87961
81198 81195
88299
87732 87728
80881 80879
89152 89151
81949 81948
84140 84139
84022 84021
88181 88179
86965
81042 81040
86559 86555
87780 87779
86096 86095
89600 89599
80614 80613
83340 83339
89831 89830
80931 80930
84105 84104
81913 81912
82339 82338
89178 89177
86384 86383
80675 80673
88453
80193 80192
84907 84906
89456 89454
84634 84632
89951 89950
81925 81924
83352 83351
82501 82499
87304 87302
82466
83197 83196
82953 82952
83261 83260
83414 83413
89087 89086
80772 80771
86471 86470
85000 84999
83927
82418 82416
84963 84962
82551 82550
88408 88407
89315 89313
82986 82984
85090 85088
83929 83928
83003 83001
80520 80518
84934 84931
84885 84884
84903 84902
82779 82778
89163 89159
85207 85206
86468 86466
84959 84958
85455 85454
88002 88000
80694 80693
80995 80994
86548 86547
80096
88819 88817
81143 81141
84617 84616
82366 82362
81068 81067
81993 81992
88580 88578
83148 83147
88096 88095
87321 87319
86497 86496
85154 85153
84986 84985
87836 87834
88713 88712
86409 86408
82137 82136
86356 86355
80844 80841
84220 84218
86358 86357
89969 89968
82626
87934 87933
89138 89137
87204 87202
81456 81455
80527 80525
89007 89005
86798 86796
88936 88935
80598 80597
89593 89591
83619 83618
89095
80240 80239
87372 87370
82422 82419
87499 87497
81696 81694
84166
82994 82993
85950 85948
81935 81933
82349 82346
81171 81170
86971 86969
81184
82355 82352
85511 85510
84312 84310
83582 83579
81111 81110
88382 88380
89476 89475
89853 89850
85167 85166
82171 82170
85038 85037
84184 84183
86147 86146
83837 83835
83702 83700
87797 87796
88887
82013 82012
84331 84329
82381 82380
80325 80324
89819
80583 80582
86997 86994
80484 80483
86652 86649
83901 83898
89180
81567
87643 87642
83279 83278
86837 86836
82131
89551
83008 83006
83450 83449
80210 80209
87166 87165
81439 81435
81646 81645
87310 87309
80117 80116
87634 87629
85384 85383
84806 84805
85434 85432
89949 89948
80101 80100
84299 84297
81119 81117
81729 81728
83164 83163
82269 82267
80081 80080
88344 88343
82368 82367
84424 84423
88870 88869
87217 87216
81562
88141 88140
85679 85676
85389 85388
83696 83695
88062 88061
80220 80219
82633 82631
87240
82861
83005 83004
82937 82933
89530 89529
88199 88197
84384
88942
85348 85347
80385 80384
83378 83377
88794 88792
87351 87349
85019 85018
86382 86381
82851 82849
89097 89096
84402 84401
89272 89271
85396 85395
88160 88159
88655 88654
88064 88063
84724 84723
85983 85977
87196 87195
86607 86605
89915 89914
85175 85174
80233 80232
86077 86073
81179 81177
80098 80093
87335 87334
83848 83846
81799 81798
86057 86056
83098 83096
82002 82001
87409 87408
85646 85644
81763 81761
84034 84033
84822 84821
83965 83960
88755 88754
89192 89191
85843 85840
87043 87042
80859
86831
81944 81943
84273 84272
81473 81472
80387
83854 83853
85173 85170
88616 88614
86173 86172
89711
84224
85279 85278
80870 80868
84994 84991
86720 86719
81881 81880
80046 80045
86615 86614
81733 81732
85087 85085
88653 88649
87930 87929
81368
85790
87396 87393
86537 86536
82577 82576
83185 83183
85465 85464
82110 82109
89465 89464
83398 83397
89378
87680 87679
86072 86070
85007 85005
80022 80020
81896 81895
86425 86422
86164 86163
89701
88276 88273
80587 80586
80885
80141 80140
81888
81681 81680
87968 87966
83924 83920
84188
84887 84886
81572 81569
87658 87656
85945 85943
85118 85116
83751 83750
88793
82792 82791
89623 89622
89757 89755
87424 87423
85246
89809 89808
80767 80765
80776 80775
82411 82409
87198 87197
88378 88377
83743 83742
88545 88544
87285 87284
82295 82294
88012
86035 86034
89501 89499
83401 83399
86910 86907
83768 83766
89518 89516
83875 83874
86855 86854
85714 85713
87341 87340
88863 88862
83444 83443
83029 83028
85858 85857
89837 89836
81679 81678
84100 84099
81552
81126 81125
89901 89900
81447 81445
82279 82278
85549
86928 86927
89618 89616
83859 83857
82562 82561
83146 83145
89610 89608
85316
84544 84543
84472 84471
82790 82789
81291 81290
88165
80610 80609
88196 88195
87808 87804
89092 89090
85827 85824
84357 84356
81807 81806
88225 88224
80362
88537
84624
86550 86549
80218 80217
89439 89438
82636
81603 81598
87037 87036
88149 88144
82837 82836
89344 89342
87916
86353 86352
87924
86458 86457
83839 83838
84151 84150
80654 80651
88053 88051
83819 83818
89349 89348
82050
80278 80277
86613 86612
83887 83886
85908 85905
86675 86674
85149
79997
82256
80876 80875
88300 88295
86859 86857
87256 87252
86620 86619
88875
87705 87702
87002 87001
80585 80584
84798
88114 88111
81667 81666
83741 83740
84394
82843 82842
89065
83969
87512
84444
88136 88135
88835 88834
81841 81839
82174 82172
86627 86626
83712
81511 81510
83286 83285
88187 88186
85450 85447
87212 87211
86268 86267
81225 81222
83516
84306 84305
87742 87741
83589 83588
88751 88750
82052
88916 88913
89927 89926
85638 85637
87082 87081
85704
84769 84768
81721 81719
87281 87280
89797 89796
85056 85050
80434 80433
88143 88142
80281 80279
84609
87617 87616
81554 81553
86931 86930
89556 89552
88879 88877
80695
80836 80835
88703
80482 80480
82974
80113 80112
83526 83524
84711 84710
87080 87079
89817 89816
89434
87957 87956
85675 85674
81264 81263
85227 85226
80686
83037 83036
85074 85073
85096 85095
89133
86887 86886
88184 88182
89270 89269
89370 89368
84912 84911
89686
80677
87892
80145 80144
81159 81158
87946
86185 86184
88374 88373
81425 81424
82240 82239
83733 83732
89135 89134
82766
83222
83247 83246
83995 83994
81907 81906
83830 83828
85900 85899
80426 80423
88829
81128 81127
82964
89059
83477 83476
87758 87756
87348
85238 85237
85017 85015
88635 88634
85409 85408
87425
83891 83889
89751
85975 85971
82875
83607 83606
81505 81504
82469 82468
82889 82887
84555 84553
89541
88354 88353
83173 83170
82373
85304 85303
86135 86134
83100 83099
83052 83051
81066 81065
82601 82600
83175 83174
84653
80980 80978
88330
84374 84373
88758 88756
86255 86254
82431 82429
80579 80578
85442 85441
87045 87044
87860 87858
84123 84122
89673 89672
80481
87382 87381
86584 86582
88997 88994
81642 81641
88711 88710
86878
82912
80409 80406
87941 87940
85671 85670
80529 80528
81194 81193
86977 86975
85072 85071
85698 85697
83333 83332
82180
88307 88306
83431 83430
81349 81348
86081 86078
80761 80760
82826
87374
82675 82673
85768 85767
84742
81670
84966 84964
84786 84784
79995 79993
89507 89506
85357
85428 85426
82314 82313
89042 89041
85817 85816
87539 87538
83581
88257 88256
86391 86387
85489
80644 80642
89437
80356 80355
81756 81755
89549 89548
80824
83084 83081
86892
80725
80935 80932
87905
81389
80488 80487
80729
86269
82981 82980
81911 81910
86167
85515 85513
83465 83462
86658 86656
84198 84197
85724 85720
80676
87295 87294
82225 82224
87213
88709 88708
84470
81571
82194 82193
84487 84486
87606
83556 83554
80847 80846
83977 83976
85648 85647
81232 81231
82841 82839
82978 82976
87871
83232 83231
83102
83313
88531 88530
88348 88347
81035 81034
88553 88552
81168 81167
83302 83301
87815 87814
84834 84832
84369
85075
86533 86532
84275 84274
85079 85077
86566
88494 88493
83455 83454
84638 84635
80335 80333
89421 89418
80906
88356 88355
84176 84175
84456 84453
88130 88129
82809 82808
83505 83504
81053 81052
85636
84542
82410
80168 80167
80829 80828
83159
81149
84613 84612
82941
85200 85199
84926 84925
80664
89391 89388
80998
82506 82503
82612 82611
88581
83297 83296
82331 82329
85632
80499 80498
81069
89312 89308
84013
85016
83564 83561
87891 87890
89114 89113
88747 88746
80641 80637
81012 81009
88478 88477
88201 88200
80401 80399
87586 87581
84944 84943
81229 81228
83459 83458
86865 86864
80264 80263
85194 85193
87714 87713
83510 83509
83055 83053
83711 83710
86661
82415 82413
88660 88657
80778 80777
89571 89570
87574 87572
89845 89844
87089
87164 87163
87232 87231
87485 87483
81107 81104
87562 87561
89899
81963 81962
86727 86725
82575 82573
81230
89429 89428
81411
85813 85812
89880 89877
88876 88874
86322 86318
88907 88906
80077 80073
86706 86705
81384 81382
84441 84440
87727 87725
84455
88255 88254
83885 83884
86259
85835 85834
85981
87187 87186
80867
87588 87587
82201 82200
89110
81673 81671
83049 83048
84063
89876 89875
80526
80375 80374
89542 89539
86418 86417
86990 86989
85352 85351
80224 80221
87156
84932
82015 82014
84464 84463
85660
86811
80185 80184
85250 85248
81318 81317
87448 87446
89318 89317
86279
83354
81862 81861
88798 88795
86643 86642
80856 80854
84717 84715
82531 82529
83119
82745
84015 84014
89079 89078
82570 82567
86074
82850
85518 85516
81441 81440
86883
85687 85685
82219 82218
86427 86426
83782 83781
88763 88762
82924 82923
88034 88033
86563 86560
86079
81741 81740
84722 84720
80413
87760
83321
84841 84840
89199 89197
84965
88488 88485
82888
83649 83644
86129 86128
86875 86874
86480 86479
83802 83800
85774 85771
85181
89605
89490 89487
89684
87691 87690
87609 87607
83372 83371
89321 89319
84586 84583
88291 88290
85069 85068
89295 89292
87078 87077
83487 83483
88837 88836
89932 89931
81579 81577
82328 82327
82927
85177 85176
88784 88781
89906 89903
84493 84492
83022 83020
83709 83706
87114
85354 85353
87889 87888
85098 85097
82960
80199 80196
82096 82095
86117 86116
89644 89643
86794 86793
83639 83637
85815 85814
82663
86161 86159
81393 81391
86670 86669
80027
88006
82685 82684
83623
83244
88897 88896
85962 85961
85083 85082
83890
82725 82724
81062 81061
82053
80977
88895 88894
88988 88987
85999
87069 87068
85336 85335
86122 86119
89536 89535
80310 80309
80661
80044
85503 85502
83076
80592 80591
81397 81396
81805
88166 88161
82112 82111
83850 83849
87130 87128
84385
86304 86303
82833
88842 88841
85753 85752
83993 83992
84702 84701
86459
80054
84290 84288
85393
89745 89741
80560 80558
87686 87685
80689
86061
84807
82246 82243
81244 81242
89868
80803
86773 86772
88689 88688
88467
81871 81870
88740 88738
80974 80973
84351 84349
81334
88791 88790
89147
80965
84797 84796
85483
88527 88526
86618
86364 86363
81628 81627
83317
85581 85580
85869
83393 83391
89959 89958
88727 88726
89721 89717
83694 83693
89534 89533
82901 82900
84072 84070
80626 80625
86659
80703 80702
85482 85481
81183
82119 82118
83967 83966
81001
89203
88777
82891
86565
86219
87478 87477
83359 83358
87455 87454
80565
84008 84005
81366 81365
83057 83056
80280
82005 82004
82079
81413
81134 81133
86222 86221
82759
86694 86693
83307
84897 84896
88462
89108
81597 81596
88686
83552 83551
85598
82437
83322
86667 86663
81970 81968
85737 85736
83621 83620
86713
88723
84602 84601
80684
86902 86900
80612 80611
86285 86282
85786 85785
87922
89455
88376 88375
80254 80251
82433
85986
81876
89715 89712
86211
80305 80302
82991 82989
88598
85620 85619
81947 81945
83289
80840
83630 83629
85120 85119
84156
80717
80796
89730 89729
82072 82071
80832 80830
82420
84552 84551
83068 83067
88722 88721
81508
87392
89752
88702 88701
82657 82651
85254 85253
80795 80792
86412 86410
86181 86180
85743 85742
82903
89785
83651 83650
81418 81416
87911 87910
86905
81187 81186
82199 82197
83024 83023
86583
85577 85573
89128
84557
83825 83824
86966
88940
80791 80790
84279 84276
83852 83851
87062
82679 82678
81471 81470
86740 86739
87434 87433
89245 89244
87354 87353
85507 85504
88725 88724
81214 81213
86827 86825
84800 84799
81523
81535 81533
80106
89416
85222 85221
80590 80588
81908
88707
85391
89257 89256
84230 84228
88954 88953
83203 83202
81752 81750
87575
80769 80768
81838
83453
80872 80871
84007
89509 89508
85906
87852
85918 85917
81377 81376
83545 83544
82271 82270
87919
82526 82525
84313
86143 86142
85923 85922
80889 80888
87143 87142
80187
88317
80421
87270 87269
89935 89933
80511
88083
83424 83422
87176 87175
80513
81630 81629
88973
80857
81986
83280
87791 87790
89835 89834
88469
89346 89345
83227 83226
88577
80269 80268
83811 83810
82493 82492
88470 88466
88629 88628
86153
82441
80774 80773
86757 86756
80567 80566
86014 86013
89481 89480
85536
87417
85539 85538
86333 86332
84746
85996 85995
86133 86132
88138
83035 83034
82794 82793
82344 82342
81105
86224 86223
89204 89202
84434 84431
89168 89164
87724
88506
87074
82196 82195
89035 89034
81373 81372
84844 84842
87192
86703 86702
85423
80445 80444
88381
89833 89832
88765 88764
88171 88170
80780 80779
88211 88210
81899 81898
88342 88341
82835
88433
80985 80984
87555
84196
87818 87816
89351 89350
84170 84168
85385
88772
84138
80307 80306
81601
81486
83250 83248
83373
80805
80367
85235 85232
83507 83506
85449
82428 82427
87450 87449
82717 82716
84382 84381
87632
83074
89527 89526
88848
87590
89946 89944
86158 86156
81817
82754 82751
83972 83970
88001
80266
87151 87150
84387 84383
88804
88769 88766
82781 82780
84517
89085 89084
89261
82396
88974
86932
86204 86203
87894
84391 84389
86371
84713
84731 84727
86390
84124
89839 89838
87007
87537 87534
82155 82154
84814
81920
85107 85101
85599
87536
80897 80896
89569 89567
84957
80733
87390 87389
87805
87033
81723
80284 80282
88583
83949
86729
88812 88811
86300
85273 85272
83468 83467
83728 83726
85968 85966
82124 82122
89297 89296
86404
85560
85979
88162
84917
80564 80562
86849 86848
80000
83996
82226
89150 89148
86369 86367
87706
86500
83118
81438
88328
89943 89942
89325
89489
81693 81692
80473 80472
84161 84160
85889 85887
85364
82549 82547
86819 86818
89648 89645
89823
86961
82018
81634
89743
88153 88150
85280
87501 87500
83914 83913
84541
84159 84158
84953 84951
86001 86000
84559
81236
84783 84782
81758 81757
85542
81766
88072
84729
84048
82358
82385
89102 89101
85543 85541
88778
86813 86812
87967
89238 89236
83452 83451
80391 80390
84945
81116 81115
89316
87684
82712 82711
88045 88044
82557
81650 81649
85877 85876
85633 85630
89044
87855 87854
85842
87611 87610
87091 87090
86594
80557 80554
80910
82932 82931
89718
88289
89787 89783
81695
87936 87935
84875 84874
86205
87279
85309 85308
81891 81890
84298
81966
89919
84981 84980
84327 84326
89057 89055
85480 85475
81820 81819
88293 88292
88092 88091
84074
86717
86242
87813 87812
82356
82548
89977 89976
88212
85729 85725
83938
81404 81403
84737 84736
81196
83899
85150 85146
89982 89980
80801 80800
85947 85946
84012 84011
84801
85162
85756
80736
85470 85468
89027 89025
83954
86233 86232
82700 82698
80036 80035
85721
81298 81296
83042
83910 83908
88037 88036
87948 87944
80878 80877
83792 83791
86415 86413
82285 82283
89956
87289 87288
88059 88058
81720
85132
86131 86130
89651 89649
89545
81436
84491
87869 87866
84976 84975
82372 82369
84173
83888
89742
86100 86099
85054
87530 87529
84428 84427
83685 83684
88572 88571
86113 86109
86199 86198
86372 86370
86028 86025
80988
86375
88900 88899
86411
87432 87431
89067 89064
82975 82972
81785 81784
88169
83346
84915
84881
88364 88361
86899 86897
85275
89957 89954
86416
84580
80999
87782
80134
87524
85501
83786
85825
82616 82615
80968
85260
81259
82288
84435
86476 86474
86637
86891
88216
80831
83661
86377 86373
87599
87833 87831
88104
84778
85437 85436
84868
83152 83151
83306
83767
80475
86045 86043
83674 83669
83416 83415
83518
84287 84286
81701
86733 86731
87112
88667 88666
84092
82742 82741
89786
84157 84155
81383
88911
86870 86866
87608
80489
88844 88843
83881 83877
83936
80395 80394
87325
80960 80957
81003 81002
87102
84864 84863
83714
88458
82822 82821
85826
83598
88304 88302
87030
85892 85890
89860 89858
88516 88515
86271 86270
89071
80403
82846
82003
88566 88564
83827 83826
84086 84084
87528 87527
84285 84282
86842 86841
86280
86523 86522
88071
88944
85421 85418
81672
81854
84603
85474 85473
86958 86957
86596
89603 89601
87387 87386
87221 87219
88705
86546 86543
80553 80552
82426 82424
83932 83931
89647
86515 86514
87532
85662 85659
89172 89171
87921
83817 83815
84448
83530
89206 89205
88927 88926
80713
88587 88586
85683
87721 87719
85312
87832
84036 84035
80798 80797
81612 81610
81620 81619
82459 82458
82319
86504
80378 80377
80069
84663
84414 84412
89363 89361
86934
82440 82432
81150 81148
88929 88928
84615 84614
88753
82216 82215
84777
82648 82646
84910 84908
82709
85270
87623
80235 80234
83438 83437
86298
82747
88611
82940 82939
88638 88636
85230
87795 87793
82084 82083
82099
80862 80861
85067
88362
89216
86936 86935
87053 87052
84439
87544
81796 81793
80638
87670 87669
83604 83603
84229
80946 80945
84480 84477
84386
82361 82357
81152
82146 82144
83440
81915
87605
80524 80523
86380 86378
83166 83165
81079 81078
89324
89907
88288
89229
80748 80747
80549 80547
81156 81154
89532 89531
83240
88463 88461
85247
86339
84899
84930 84929
89107 89105
81590
89130 89129
81092 81091
82145
80928 80927
89470 89469
88016
80622 80621
88444
83515
83083
89347
82511
82943 82942
85092 85091
88801
81284
85870 85868
88146
87881 87880
89734 89732
86398 86397
81722
85909
89037
85104
82650 82649
80123
88040
86289
81157
80620 80619
88607 88606
85998 85997
84174 84171
85259 85258
82998
88840
87264 87263
83804
81640
87190 87188
88912
82192 82190
82405 82403
80785 80784
83760
82569
87230
84010 84009
82117
81335 81333
84905
81379 81378
87557 87556
89414
88180
87234 87233
81450 81448
88085 88084
83181
83446 83445
86016
80818 80816
82820
89874 89872
89553
85808 85805
87470 87469
89190 89189
84126
82530
81868
87365
89515 89514
84820
82163 82162
86008
81794
85523
85763 85762
82465 82464
89443 89442
80369
82434
81038
84223
87558
85076
85989
89458 89457
84536 84535
87024
87228 87226
82454 82452
87122 87121
84570
85142 85141
86374
86463
84380 84378
86908
82731
82945 82944
87364
83677
83407
83350 83348
84367
82198
85267
83277 83274
80539 80538
83370 83369
84488
82909
83612 83611
87338
82042
89788
81371 81370
86666
85548
82326 82325
87542
84968 84967
83787
84846
86215
82254 82249
81381 81380
88644 88642
81016 81015
88432 88431
81221 81219
86853
89211 89209
85231 85229
83305 83304
88366
88421 88420
82292 82289
84125
83963
80493 80492
82067 82064
89986 89984
88446
84741
83871
81901
85988
87988 87985
84817 84816
89248
87242 87241
86266 86264
86711 86710
80580
89123
88615
89179
89198
88868
86753
82608 82607
85382 85381
88078
82487
84024 84023
80471 80470
79998 79996
82034 82033
84446 84445
82701
87203
80837
81524 81522
82365
87306
86392
84743 84740
82250
87038
80149
82309 82308
89815 89814
86783
82502
84200 84199
88547
84909
89726 89725
89030
88068
82022 82021
81406
89985
80939
86440
87907
88882
82300
85666 85665
87447
84748
84996 84995
88335 88333
80016 80015
80955
81341 81340
87801 87800
89627
80948 80947
85846 85845
84539
81369
81257
82951
84843
85797 85796
82047
82489
89354
84017 84016
88624
88785
87645
80740 80739
86207
89696
85440
82335
89774
86735
84238
87568 87567
80048 80047
84685
88145
87570
85327 85326
81239
89554
83090
85433
89564
82444
87300 87299
83062 83060
84599
83327
84277
83293
81751
86192
89311
86641 86640
81539
86345 86343
83656
82138
89892
89827
82453
88752
88976 88975
83217
84928 84927
89013
81686
83681
86187 86186
81699
88782
88399
84659
85532 85530
80393 80392
87031 87028
81818
80982 80981
81595 81594
88737 88733
84865
82491 82488
81433 81432
86572 86570
88918
86448
84079 84078
85188 85187
82840
89602
86678 86677
81289 81288
89161
84970 84969
80536 80534
89658 89656
87598
87402 87399
88551 88550
83126
86508 86507
85302
85487
80358 80357
84584
87262 87261
88294
84154 84152
80874 80873
85773
81431
81484
84093
85607 85605
89274
89006
84974
88327
80963
81481
83789
82423
83646
84739 84738
84704
84690
84521
89883 89881
82132 82128
81618 81617
87943 87942
84484
84026
86877 86876
89310
88069
87123
80817
81600
81995
87982
88267
82149
87303
83486
84625
84572 84571
84334
82936
82017 82016
87655
83955
83080 83077
81139
81685
84239 84237
86212 86210
84118 84117
83357 83356
86120
89700
89276
88103
80466
87109 87107
80213
84766
82353
84752
87949
84947
82863
80260
84656
83543 83542
84278
85133
80059
87672 87671
82237
80304
82140 82139
80678
83367
81626 81625
81746 81745
89663
81039 81036
81718 81716
83475
86239
88783
87050
84284
87498
85024 85022
84579 84576
84071
86354
89936
89399 89398
85677
86780 86778
83122
81852
82031
86889 86888
88964
80161
83809
88113
83566
81742
84526
87637
89029
83386
81271
85601 85597
82108
85214
86190 86188
81414 81412
88235 88234
89939
89076
85023
81238 81237
87594
85627 85626
80599
84749 84747
84359 84358
86112
82737 82736
83904 83903
85600
88691
82048 82046
86265
83239
86716
83867
82065
81485 81482
88411
87144
86576 86575
86444
85252 85251
84191
85010 85008
89266
86111
81362 81361
85731
82535
80153 80152
89121 89119
82473
84260 84256
80688
85208
84989
87345 87344
81430
80531
87027 87026
81578
80040
85103
87086 87084
83189 83188
80789 80788
85210
85414
81101 81100
80131 80130
80150
82680
88538 88535
80294
80643
83236
81451
82301 82298
80913
81131
86824 86822
84320
85673 85672
84336
81423 81422
87394
82603 82602
84462
83343
89707
87359
81998
88163
85925 85924
86421
86249
87496 87495
82619
82184
82914
85718 85717
80782 80781
81398
80012 80010
86063
88952
83087
87996 87993
82451 82450
80990
85108
82078
81551 81549
85723
89070
86244 86243
86183 86182
83308
82905 82902
85296 85295
84812 84808
84973 84972
89377 89376
89731
86688
81099
80038 80037
88473 88471
83692 83691
82971
87105
82500
88263 88262
85140 85139
88825
81518 81517
85710
81276
89008
83010 83009
86452 86451
82630 82628
86525
85741 85738
84920 84919
81521
88112
80079
89879
84039
80815 80814
80119
82735 82733
83410 83408
83664
89219
89680
87428 87426
88680
83983 83982
80958
86060
82436
82029 82028
81932 81931
85514
81991
87514 87513
86690 86689
87603
85862
80172
89795 89794
85372 85371
84318 84317
86676
85002 85001
80159
80414
81007
89595 89594
85276 85274
89678 89677
84090 84089
88878
85587 85586
88505 88504
86462
86469
80312
81635 81633
80581
83324 83320
88673 88670
82934
82641
84757
84004
85765
89033 89031
85957 85956
89472 89471
83360
87162 87161
89621 89620
80380
80491 80490
81812
82830
84052
82463
87420
88426
87526 87522
89069 89068
84575 84574
88269
80370
80025
86157
87476 87475
81702 81697
83947
86324 86323
86784
89773 89770
82087 82086
84649 84648
83252
89290 89287
88893 88892
85161
87657
82211
80919
88041 88039
83755 83754
81952
82579 82578
88425 88424
81136 81135
81969
87135
82859 82858
84895 84894
83234
84637
80920
81669 81668
85952
80735
82970 82967
82584 82583
88671
82805 82802
86967 86964
85728
87225
88118 88116
89255 89254
84697 84694
82159 82158
88681
87789
82587 82586
81428 81427
82866
83894
82290
80799
83409
80361
87104
86042 86039
85358
82066
83940 83939
85951
83294
86464 86460
81314
86292 86291
87628
80379
88641 88640
89141
82662
81849
86978
86592 86591
83571
85915 85913
80887
87978 87977
83795 83793
84563 84561
86685 86684
85215 85213
89423
86175
80405
86723 86721
85265 85263
85874
85006
86736
88685
82775
85885 85883
88584 88582
81211 81209
87900
85932 85930
81387 81386
86638
89897 89896
80727
87092
81773
85431 85430
82996 82995
87885 87883
85520 85519
89252
83273 83271
81967
81280 81279
83129
88922 88920
88472
88345
84243
86489
89063
85134 85129
82774 82773
87803 87802
86608
84867 84866
81464
82143 82141
84753
88456
84265
89921
80030 80029
83199
81824 81823
88123 88122
82734
83489 83488
82707
88963
83688
83624 83622
81212
84404 84403
87098
81698
82430
89260
86846
89891 89890
85974
83998
80259
81392
85967
82593
84300
85319
86439
81964
83610
81475 81474
87481 87479
85572 85568
84809
85879
89043
80125
81588 81587
83064
89478
82505
89294
84087
82879
83365
87824 87823
85570
85003
83563
82257
89417 89415
88321 88320
83808 83807
81047 81046
82479 82478
83070 83069
87868
87783 87781
88810
85311 85310
84984
86779
89049 89045
88073
84245
81478
88833
85654 85653
80155 80154
85378 85376
81375 81374
86312
86226
83934 83933
84069 84068
83613
85895
83376
89162
84671 84670
85668
83951
82130
87896
83245
86528 86527
87840
84857
81301 81300
84610
85973
83617 83616
83964
85026 85025
80160 80158
88117
82770
80698 80696
89314
85048
89847 89846
82504
81859 81858
89278 89277
84604
83558 83557
87360
89483 89482
82706
80640
86646
86790
85413
86449
80993 80992
83672
87049 87047
87095
81780
89970
83211 83210
87510
84396
86699 86697
89739
81689
81749 81748
85233
83525
80633
85416 85415
80189
86633
85239
82438
86821
87927 87926
86715 86712
86121
88430
88151
82343
87625 87624
88429 88428
85469
87761 87759
84338
80070
82897
85241
80076
84371 84370
80690
80849
88768
80972 80970
84527
80722
87994
87445 87444
89613 89612
82439
86835 86834
85165
81278 81277
84870
85778 85777
89208 89207
86089
84633
80308
87131
89301
80376
86302
80136
80051
84647 84646
85567
85124 85121
83869
84781 84776
87076 87072
88961 88959
85534 85533
85550
80793
82230 82229
83019 83018
89329
82563
83719 83718
89873
87856
82092
85807
85456
84823
81509
87480
88274
87738
85410
82089 82088
80090
85040
87701 87698
86083
85682
88621 88617
82925
86433
89098
88220
83031
85084
88452
82660
87059
83668 83667
86664
87794
83705 83703
87654
85664 85663
88625
88860 88859
89337 89336
86893 86890
80674
86823
89630
87704
86792 86791
83631
84416 84415
81789
86197 86195
80759 80758
88360 88359
86749
84292
88839 88838
86407 86405
86395
81302
83501 83500
84667
86020 86019
88029
81999
80668
82804
80329 80328
84136
80899
80299
85102
82363
82962 82961
84302 84301
86485
82832
83073
87055
80596
81570
84485 84482
85722
88603
85318
88568 88567
83421
85575
84693 84692
84545
87063
83258
88739
87662 87659
81310
83085
83758 83757
81717
89404 89402
87726
80353
87751
88124
80437 80436
84525 84524
80991
89687 89685
89461
85934 85933
82585
87369
87458
87939
81683 81682
88228 88227
88574
88231
86160
81941
83897 83896
88861
81220
84121
82376
87853
80034 80033
80417
84479
87488
85052
85759
86571
84550 84548
89675
81395 81394
84529 84528
84001
84882
89050
80368 80366
81869
81337 81336
84330
89941 89940
81255
85288 85286
84922 84921
84873 84872
84566
85903
83680
83626 83625
85330
87925 87918
85585
85506
81121
83021
87275 87274
83268 83267
82404
81787
82212 82209
81609
81602
82756 82755
89705 89702
83381
81308 81307
82161
86098
80909 80905
83864 83862
84101
85669
82208 82206
85228
86541 86540
89965 89964
81707
87020
80465
80104
87723 87722
81216
82750
81977
88759
88249
82496 82495
81410 81409
87502
89963 89960
87960
83482 83480
81273
81339 81338
85751 85748
88007
86602 86601
81051 81050
85891
84937 84935
83363 83361
86558
84767
88367
83578 83577
86645 86644
88316
84939
85158 85157
84169
86261 86260
89799 89798
87817
88221 88219
89286 89284
86320
87964
84997
89331
81132 81129
88363
81661 81660
84890
80718
83137 83135
80246 80245
80577
80783
81163
87065 87064
88241 88240
86047 86046
83591
80341
86024
86281 86278
86349 86348
86484
88043
88576 88573
85301
86734
82107 82106
84179
82345
82718
80971
89990
85064 85063
88854
80943
89156
80424
85555 85553
86250 86248
87332 87331
84508 84507
84225
81829
83105 83104
81762
85882 85880
82126
83717
89792 89791
86075
84916
83221
83568
83883
87085
87909
87697 87696
82746
82512
82681
80203
87255
85609 85608
80895 80894
85810
86668
83206 83204
87025
80882
87012
88438
86863
87998 87997
85453 85452
86179
85606
88174
81677 81675
88060
82614 82613
87640
83265
84651 84650
88978 88977
85299
83821
81306
87674
86680 86679
89309
84686 84684
88669 88668
89444
89754
86080
85822 85819
82134
88365
82379
81415
85035 85034
88951 88949
80064
88623
88252
81353 81352
81493
89028
88030
87551
80283
88110 88108
87505
89761 89760
82223 82222
82719
89265
87715
88891 88890
83576 83572
85719
88921
83980
82610 82609
80742 80741
87430 87429
87461 87459
83715 83713
89124 89122
83919 83918
88052
82787 82786
85205
88155
86263 86262
82062
88565
85324
83136
88185
84636
81095
84537
81421 81420
87083
80002 80001
86126
89447
80198
85300 85297
87297 87296
80334
82275 82274
89060 89058
85821
84681 84680
82955
81446
84309 84307
87034
82807
83775 83774
83988
88510
84258
87207
86162
80461
82966
83133 83132
82674
88080
86933
89251 89249
85566
81975 81974
87999
84029 84028
88541
85292
86539 86538
86038
88393
80559
81146 81145
83092 83091
83243
88910
87525
89869
86561
82947
87149
89406
88639
87401
82990
82817 82816
87895 87893
89451
84128 84127
80457
88503 88502
80372
81161
89619
82227
88633 88632
89771
84578
84323 84322
88532
81224
81426
84762
89073 89072
87792
80892
82483 82482
81556 81555
89374
83140 83138
81444 81443
81736
88176 88175
85184 85182
85881
83878
86007
84375
89905
84206
81526
82371
89864 89861
83863
85886
85427
86438 86437
81142
86368
85420
82886
82324 82322
84562
84978
81860
87119
85236
87293 87291
89756
89604
86529
85640
84430 84429
87622 87621
82264
89091
84064 84062
88480
88941 88939
83270
81777 81775
85701
88410
88450
86026
84728
88957
80053 80052
86995
81106
88350
81843 81842
81173 81172
89093
89328
80039
84950 84949
82739 82738
87060
81227 81226
89246
86851
89214
83109 83108
84193
88301
85591
81112
88757
86351
87229
82148
85135
81087 81086
83494
80866
88459
85571
80422 80420
86040
87489
89769 89768
82533
80617
86475
84019 84018
85458
82539
88005 88003
86826
81251
84512
80354
84467 84465
87700
83153
88678 88677
80223
80548
85211
86973
80752 80751
86429 86428
83275
86764
85367
86319
83614
89851
84409
81218
81536
86062 86058
83605
84514 84510
86189
86071
88283 88282
85196
87688
87886
85478
82252
87088 87087
80546 80545
80216 80215
89772
86094
87438
89401 89400
82187 82183
87022
81856
82721
81593 81592
85448
85942 85941
81845 81844
89275 89273
80746
89026
81581
82715
82202
82207
82085
84654 84652
85854 85852
80330
88205
83156 83155
88579
86600 86599
86983
83162
86178
88648 88647
83298
82375 82374
80043
82743
85681
86502
86925
89781 89780
89430
85488 85486
89217
80061
88985 88983
84077
82877
80256 80255
86453
85058
88020 88019
84810
82037
84221
81041
87841
87600
84960
86196
86556
80653
80535
86885
89859
89488
85920
86338 86336
89592
83150 83149
88427
85955
89924
86059
84779
88026
80248 80247
80476 80474
84096
83485
84560 84556
87749 87748
83508
84137 84131
89955
87989
89166
87757
83634 83633
84443 84442
81894
81850
84549
87015
89945
80589
88164
80109
89500
85521
89184
80886
81241 81240
89894
87071 87070
89694
89112
85592
87580 87579
84235
86237 86236
84249 84246
82763 82761
85531
81169
89413 89412
84795 84794
80122 80121
80942 80941
88057
82670
86869
86895
87915
84582 84581
82686
81019 81018
87472
82853 82852
87137
87283
89709
82831 82828
85110
81260 81254
86810 86809
86214
89635
88984
87009 87006
88437
81546
85982
84212 84211
86673 86672
81704
81049 81048
80497 80495
83362
89710 89708
83779
85661
83160
85818
83384
89077
86687 86686
82100
84891 84888
82542 82541
87619
82398
88797
81297
80658
88024
82041
81711
86766 86765
80663
84112
80171
85463 85460
81385
83836
87029
80128
84914
85645
86681
88905
80851
81233
80071
84826
88167
81715 81714
84058
85727
80571
86315 86314
81356 81355
89511 89510
88436
87329
89263
88736
84780
83254
80032 80031
85062 85061
88337
85782
84569
87460
83909
84879 84876
88799
85400 85399
87718 87716
80681
87388
82023
86401
80067
86797
84135
87315 87314
87046
81738
87665
88128 88127
87160 87159
87879
87286
81243
80662
85346
85195
87218
89719
84328
85439
89146
85811 85809
82769
81360
85145
82824
83562
82588
83208
87439
87375
89449
85013 85011
84593
83423
81774 81772
82753
82297 82296
82655
80042 80041
84186 84185
86829
85031
82838
87021
88384 88383
81614
85686
87995
88933
84043
81923 81922
87272
86202 86200
82783
80338
80726 80724
86922
86493
83856 83855
84144 84143
89227
84248
83131 83130
86050 86049
83796
89420
80142
83959 83958
85830 85828
82806
81663 81662
84971
88692 88690
88474
80058 80057
86531 86530
80298 80297
84308
85972
83814
80462
84498
81988
87554 87553
88999
82245
80925
80011
88266
86492
84003
80537
80615
85036
80704
85616
81951
80934
82534
86018
87004
86105
81295
84094
82303
87324
85030
87317
85220
80008
86623
86376
85651
86617 86616
85500
89279
85078
82063 82061
80486 80485
80964 80962
86795
81936
85070
80624 80623
83636 83635
83745 83744
88101
80143
80898
89636
82604
81437
80636
89716
86636
84388
80551 80550
81499
80407
89821 89820
82829
88816
83474 83473
87416
83097
80151
81514
85345
82360
83921
80959
82173
85490
87333
87765 87764
89410 89409
87647
81153
86450 86447
82528
83861
82788
83943
80574 80572
82523 82522
89046
82597
87986
88682
84658
85294 85293
84270
85060 85057
87953
89106
81990
84657 84655
83822
89392
89967 89966
81442
87811
82881
85603
88445 88443
89807
81885
82417
89479 89477
86544
89586
81764
87694
87668 87667
83872 83870
86909
87292
80721
84669
83648
84251 84250
82268
86574 86573
85859
83708
86871
83434 83433
85055
80937
83314 83312
87863
84363
87405
89289
80084
86858
85907
83926 83925
87129
80238
83075
87379
85596 85595
83331
88561 88560
86361
82521
82527
87661
80095
85583 85582
83117
81783
86201
89237
87677
89519
83973
86952
83030
89366
83469
80303
80543
85191
82386
84426 84425
84073
85004
88665
82395
86137 86136
85257
80063
88414 88413
86926 86923
89250
83957 83956
89857 89856
88303
82412
82388
84244
86430
84410
85993
83125
82402 82399
89749
80271
89597
88230
83720
82228
81476
89389
80349
81210
88620
89466
86698
86284
86806
85148
82123
87139
84793
87422 87421
82568
83263 83262
88773
86110
89386
82729 82728
81928
86297 86296
84478
82057
86929
87786
89320
80745
84811
84523 84522
80450
83015
87652
89695
87415
82165
81585
85960 85958
83879
88388
89776
84804 84802
89983
89920
86340
86258
88779
80911
89733
84775 84774
83893
87571 87569
81782 81781
80719
81449
87859
88089
85126 85125
88309
82191
83632
81026
86578
80951
84679 84677
82160
89298
83645
87902
82801
85656
82898
89160
84678
89779
85526
88042
84348 84347
82668
89818
85888
86009
79999
88700 88699
84534
89913 89912
87959
80094
80252
89004 89003
80506
81768
83390
86519 86518
86434
80003
83000
83902
89524
87755 87754
82954
86915
86220
85234
87830 87829
87963
81743
89611
86328
86155
82310
89293
85172
80794
82559
88405 88403
84204
86424
82104
85949
86803 86802
80133 80132
81886
89280
84734
82762
86650
85589
83046
85445
88323
84676
80337 80336
81071 81070
89242
81103 81102
83200
86331
87484
87771 87769
89339 89338
85183
81989
86396
88909 88908
80707
84020
88715
85130
87520
83671
85624
83971
83550
87835
83987
81058
85730
89661 89659
82470
85740
82260
84993
82221 82220
85798
88605 88604
83866
84836
86714
86031
85147
89225 89224
86635 86634
89934
84291
88392
81256
81848
83704
83191
81165
81201 81200
88956 88955
85377
87920
83345 83344
80226 80225
85576
88656
86483
82532
83167
85375 85373
89544
81060 81057
85726
80222
81804 81803
88735
86247
81320
89981
82009
85574
83323
82726
88206 88204
88423 88422
84038
80452
84433
81037
80728
80901
80103
83059 83058
87762
87947
82862
86992
80533
89462
88871
82930
83169 83168
87767
83670
87648
82175
85978
80804 80802
87073
82277 82276
81090
83730 83729
84513
81492
81309
82693 82692
83111
82185
81946
83843
85417
88596
80274
85562
87775
85772
83555
89014
83587
81934
85438
87515
83777
82477 82476
80708
83628 83627
80021
83860
82667
87523
82051
86344
88244
80863
82238
82632
83722 83721
87807
82892
89494
82555
83292
88440
82880
86651
81830 81827
88207
81801 81800
89609
89023
82203
86229
82059
88534 88533
82977
82758
86553
88076
87266 87265
88787 88786
81705
82435
88077 88075
89657
83316
87720
80097
89646
87427
86557
85028
80107
83652
89323 89322
89009
85965
83797
89212
80826
88490
88404
87703
83880
89513
89736 89735
87541
89852
85429
80212
81085 81084
88960
81043
85313
86776
83158
89863
85904
83338
81235
86423
81599
89081
84733
85667
88435 88434
88643
89574
84861
89407
81258
84458
84259
81725 81724
87955 87954
84847
80316 80315
80425
81325
81479
86041
88881
86856
84366 84365
80028 80026
83689
81305 81304
83134
82518
80099
87180
89424
88194
88218
86342 86341
81248
87373
88198
85784
86671
82639
84511
84707
85264
81957 81956
80165
84591
82442
82127 82125
86092 86091
83666
88319 88318
88260
86526 86524
86726
88157
82904
89521
82253
87215 87214
88618
81676
85287
82359
89375 89373
87437
84955
81930
83171
89196
88830 88828
81266
84516 84515
89062
89563
82421
87194
87631
87075
84889
89104 89103
81700
81123
82565 82564
86606
82446
80296
88253
85551
83026
86545
80811 80810
89221
86037
88334
82727
88914
86350
88856
82460
82486
80541
85853
85791 85789
84688
81584
80720
88507
81574 81573
89922
87467
83785
82414
83602
82392
85556
89327 89326
80921
84114 84113
82722
87116
85902 85901
85435
87273 87271
89713
86996
83041 83038
82152
85505
83773
81178
84280
84202
87239 87238
88498
87336
86326 86325
87975
84269
86101
87884
89459
84961
86868
85691 85690
81189
81461
87395
82179 82176
84134
87976 87974
81299
85544
82752
82654
89720
89803
80510 80509
85451
80317
85614 85613
89080
80326
87778
84149 84148
85122
81897
83962
83291
89866
86461
84447
82142
80680
88729
85289
81330
87867
89925
83527
82823
82671 82669
82740
83249
82772
80845
89871
88133
89436 89435
82968
84726 84725
80272
86467
88239
87887
80439 80438
80262
82467
81469
86154
89528
84695
82596
80956
80646
85203
84172
84474
81648 81647
82874
86998
87391
85944
87362 87361
83727
86745
89633
88346
86127
84207
80365
81267
85111
88416 88415
85338
80400
89232
88406
82082 82081
87620
89650
84045
84231
88806
81840
88014
89380
86593
84339
81545
88536
81997
86838
83590
80975
80648
82856
83230 83228
81684
88995
86066
86327
82620
84699
83922
81055 81054
85867
85658
84281
89383
85936
83154
80561
82606 82605
86138
83471
82406
83615
83961
87298
81513
88889
87806
88539
86027
84451
81269
85397
88028 88027
81786
80950
87453
84372
82672
88275
89517
85829
87903
86465
80435
87592
83039
85625
80009
81137
88351
86704
82627
80286 80285
86732
86879
87290
81918 81917
85652
82749
81028
82284
82710
83673
81494
80605
85315
87857
87253
86141
88050 88049
81024
87220
84289
81144
88873 88872
88296
80770
83912
86968
84247
80418
81534
87327 87326
85739
89929
88672
80556
81731 81730
88500
82748 82744
88950
84577
86241
81031
82566
87573
89503 89502
80933
86055
88932
88281 88279
84454
85894
87181
86517 86516
85277
83724
82798
82490
85180
81197
80108
85776
87535
83801
86665
87120 87118
89369
87673
80907
86044
80762
85131
85190
80979
81905
84040
86639
88261
81130
82582
81466 81465
83205
86954
89056
85844
82992
89431
82797
88372
84268
89403
87061
87172
82730
85477
84828
88047
88035
86755
84987
84730
80563
89947
84607
84177
88716
87108
89800
85749
83172
89555
86970
83472 83470
83593 83592
88585
87731
85916
80880
84181
88370
83567 83565
88250
87398 87397
80860 80858
88901
85839
89165
81011
80146
83216
83382
87254
80936
81978
81234
87305
80345
83330
85512
82771
81532
89047
86227
89307
83979
80715
88652
86305
85969
80608 80606
83915
84041 84037
80075
86108 86107
89149
84721
88487
83114
83573
87689 87687
83923
85461
87100
89066
80903
83464
88242
85684 85680
87597
89264
89343
80397
81223
85750
84878
85594
89019
87770
88152
85009
89194
83736
86253
83716
89703
87016 87014
85823
83466
82305
85833
81814
80682 80679
87179
88662 88661
88496
80408
85320
83120
86884
82472
84450
84314
84631 84630
82699
83387 83383
89575
85621
87516
84343
89679
89660
88658
84845
85554
84466
88826
84494
83272
80734 80732
82494
85053
82819 82818
84180
81516
87011
86177
82293
84315
83739 83738
82656
80505
85281
80607
88546
82069 82068
89862
85306
80468
89094
83638
88796
84496
80967
84438
87282
87952
88193
81118
86030
84316
83829
83697
83113
84082
80074
81654
88418
84483
84992
84413
83079
89364
85212
86775
80683
82364
82574
86655
87646
88107
84344
86724
84233
80807 80806
88004
85806
86283
87010
88931
82425
86093
86295
86921
80616
87787
83402
89676 89674
83484
89974
84660
84408
84293
86815
86490 86488
83481
80766
81399
86657
80631
85201
81147
87035 87032
88209 88208
83553
85398
89240
84332
85137
83707
87320
88396
82321
88158
81528
80595
81056
81005
81151
83601 83600
84716
81122
86076
88168
88046
87371
89167
82510
80179
86389
89617
86770
80573
87641
88482
86505
81973
83522
89306
84952
85841
89865
84205
86088
82234 82233
83115
81367
89784
81710
84833
88676
88217
79994
81865
86097
88898
87547
82834
85027
83731
84877
83078
82885
82920
88115
86597 86595
82299
86406
86847 86845
80176
88226
80701
83002
82007
84764
85744
82307
86867
84067
88609
80544
80890
85641 85639
82070
83303
82383
80050 80049
86754
82918
88575
86709 86708
82973
83609
84390
80555
89419
87154
89145
84481
81400
85406
83845
87776
86805
88990
81976
87618
87259
87041
83095
89540
86722
80848
88525
89652
84257
87938 87937
81315
85459 85457
80976
85209
85341 85340
88714
80253
86033
84379
82878 82876
88958
82969
84533
85467 85466
81836
89722
87504
84622
87096
89291
85374
83512
87168
83686
87872 87870
87517
81501
88849
89738
85610
86959
88996
87958
84406
86898
89902
89688
83309
82178
89664
85709
85980
80083
86707
89778
80197
81094
81873
85112
87474
81488
81776
81879
80618
80496
89258
80986
84133
85422
80017
80850
81358
84476
83701
82948
87152
84080
89629
83535
82689
87676
83495
83608
81249
83086
89032
83315
86768
83876
89793
85086
87008
81548
86149
82348
84088
80697
89962
86379
88986
83492
86209
87189
87923
86443
89568
89048
86125 86123
80089
83780
81199
82000
82524
89484
86610
83953 83950
82475
89882
80446
82306
85540
89300
84792 84791
88851
80601
88352 88349
85878
80350
84500
89185
80842
84399
85100 85099
83930
82164
83054
80712
81502
80908
87223
85628
84432
84618
81405
88297
80494
85976
86290 86288
80929
88315
83640
84032
89639
86917
80652
88734
84226
81434
83349
88557
89750
85404
81206
87380
89187
85929
86919
87736
82244
85563
87583
80205
85970
82855
85994
85249
84645
83675
88298
87136
85332
88105
87717
85059
82370
82803
81419
83490
88379
89357
82330
86403
80088
81531
80477
85171
86941
80944
86882 86881
85032
84350
88312
84859
88441
88147
81797
83756
80441 80440
89359
86455
80169
80386
88827
85123
86491
86782
85517
88484 88483
87235
85849
87276
81828
84232
89288
89186
82935
88659
81927
81354
82443
85631
81096
85343
87582
82732
84163
89332
82281
87133
86718
83882
82400
84573
82652
85928
87844
82634
81017
88329
81611
82629
87730
84756
85243
88923
81303
87965
87106
88134
86832
88486
88902
82796
85403
84132
82979
89139
82210
84530
88460
87013
85394 85390
89579
81802
80983
84621
88188
89283
87945
86976
81175
84311
85959
82938
83269
87548
84600
85317
85884
89662
89390
86277
84006
88814
83347
83007
83647
81253
87518
86814
84554
88651
84294
81887
84567
85462
84564
82340
81608
84085
80902
86800
82291
81429
84368
87051
88048
85775
85298
86748
81909
86512
83952
88313
84346
89782
83941
82757
89495
86804
87644
81059
80924
81319
84558
88818
87311
83229
86362
89136
85525
80961
85392
87747
87584
86981
83735
85014
85522
83385
84153
84333
85323
87987
86762
88038
89670
84053
88491
80261
80206
89989
82186
82760
89559
87101
86048
87257
85629
88742
83276
89210
89898
86388
87048
82401
81872
86193
83858
86880
85476
88305
86862
84520
87017
83417
87247
80820
85106
80382
83816
88619
87301
83061
87882
89653
84789
87385
85443
83678
87763
81580
89022
89253
84208
86960
83432
86951
85223
88412
85051
84283
80519
84706
89155
88056
82334
84411
84219
85089
83396
81864
88594
88622
83392
80757
88371
80228
80514
89512
88245
83873
87260 87258
89247
86945
86022
89120
89547
86752
83574
83400
81294
82623
83907
82129
88081 88079
87990
80314
86763
88082
83063
87140
81245
82177
88215
82251
84585
84214
81744
86337
87663
85914
83528
88524
85584
89714
86499
82354
85593
83463
81000
87414
82647
87906
87633
87543
89961
86551
86036
80469
85269
80327
88238
84664
84933
84687
87378
86767
84787
83643
89706
80855
80639
85618
87971
86629
84758
81747
82985
87287
81417
82705
88809 88808
85012
83580
81452
87400
83990
80823
88233
81616
83364
85333
85837
86402
83532
87094
89362
85479
85105
82782
83597
85117
88451
84761
83806
84904
84998
82455
85496
85042
83050
87750
86949
82341
83968
87981
88120
89581
85820
88807
87209
83985
85745
83082
85271
81965
81550
88102
83419
86820
89285
86920
82217
84253
84502
80635
83575
86985
83184
83190
88067
88519
82320
84936
87729
88540
85931
87693
85678
88554
86118
83139
83911
89304
88409
82323
82347
83428
89802
83794
82795
81010
84628
86273
82882
82653
81093
88965
87494
83496
88109
80508
87127
85569
88915
86598
89234
88243
89061
89681
84665
85935
88637
86311
89411
89704
86980
87660
84785
84263
82929
83944
88767
86069
80827
86924
87784
88148
88387
89904
85419
87577
83847
87928
88947
83498
80843
81328
89241
84240
84696
86903
87019
80568
89127
89550
87585
80922
89393
87125
85695
82949
87482
87115
81006
86828
81769
86542
81795
84147
84509
86321
84803
88183
87699
86562
87352
87683
88280
88820
