6637
59994
60744 60742
63673 63672
60634 60626
65843 65842
64531 64530
64940 64938
69648 69644
66730 66729
61787 61784
60805 60802
61245 61244
64635 64632
69465 69464
65730 65729
67563 67561
60597 60596
61341 61340
69759 69758
68477 68476
62561 62560
67618 67617
63123 63122
60776 60775
68032 68031
65294 65293
62436 62434
67483 67482
68690 68689
66356 66353
67634 67633
65810 65809
62878 62876
64085 64084
66963 66962
62899 62897
65814 65813
67522 67521
69869 69867
67362 67361
69144 69143
68688 68687
62484 62481
60848 60847
65725 65724
65219 65218
67445 67441
62007 62006
64372 64371
65456 65455
67851 67849
63868 63867
67961 67959
69785 69784
69538 69536
69927 69926
60760 60759
67018 67017
66050 66049
69777 69775
69287 69286
66768 66767
60828 60827
63980 63978
61001 61000
68675 68674
63486 63484
68499 68498
63815 63814
65237 65234
66085 66081
64457 64455
66597 66596
65672 65669
62370 62366
68900 68899
63281 63279
64411 64410
67410 67409
67705 67704
63898 63897
62438 62437
64173 64172
67311 67310
62663 62662
60259 60256
67722 67720
67333 67332
67727 67726
68034 68033
60911 60907
61081 61080
69478 69477
63251 63250
67257 67256
68136 68135
60387 60386
65440 65439
62709 62707
69176 69173
62846 62845
61642 61641
61807 61806
62862 62860
67386 67385
61072 61069
67338 67337
60526 60525
62199 62198
67781 67780
68022 68021
61262 61261
61675 61674
60335 60334
67219 67218
66212 66211
61403 61402
61632 61631
66829 66828
64287 64286
63936 63934
68055 68053
64477 64474
68124 68122
61208 61207
63206 63205
66101 66098
69544 69543
66322 66321
63014 63013
69560 69559
63662 63661
64437 64432
69800 69799
66230 66229
65210 65208
64932 64931
68077 68076
62188 62187
64012 64011
68661 68660
63102 63101
62666 62664
65797 65795
61345 61344
61942 61940
64667 64666
63918 63916
61762 61760
64991 64990
62121 62120
66742 66741
64467 64466
61769 61768
64777 64776
68625 68624
66361 66360
67412 67411
64330 64329
69152 69151
69712 69711
66542 66541
61131 61130
61104 61103
65239 65238
60233 60232
62084 62080
66210 66209
68382 68381
63534 63533
64186 64185
61877 61875
69220 69219
68182 68181
69802 69801
63530 63529
60550 60548
68145 68143
64591 64590
61583 61582
61059 61058
60838 60836
65517 65516
64752 64750
60913 60912
63642 63639
64507 64506
62226 62224
63395 63394
60274 60273
67428 67427
63528 63527
64078 64077
62146 62144
63401 63400
65728 65727
66326 66325
64878 64876
67532 67530
68965 68963
67360 67358
65315 65314
60276 60275
64260 64259
62261 62260
60866 60865
60919 60918
66205 66204
66833 66832
61706 61704
63836 63834
64845 64844
65566 65563
62880 62879
68134 68133
67653 67651
64521 64518
60177 60176
67686 67684
66662 66661
60140 60139
68649 68648
68434 68433
61391 61389
66379 66378
60412 60406
60356 60355
63969 63967
61995 61994
69302 69301
65640 65639
62112 62110
61036 61035
65522 65520
66494 66491
64484 64482
67646 67645
68363 68362
60924 60922
64680 64678
69954 69953
63938 63937
62806 62804
69577 69576
60323 60322
63436 63435
66314 66313
67986 67985
68860 68857
68114 68113
63689 63688
60783 60782
63518 63514
63610 63609
68962 68961
63388 63385
62433 62432
67822 67820
62960 62959
68270 68269
63989 63988
66708 66707
69882 69881
65093 65091
63879 63876
68907 68906
66823 66822
65794 65793
67644 67643
63185 63183
68558 68557
68543 68540
60236 60234
65080 65079
63886 63884
61891 61887
64044 64043
69108 69107
62229 62228
69182 69181
65225 65224
68245 68244
68277 68276
67774 67772
69595 69594
67984 67983
66538 66537
66970 66969
63381 63380
68772 68769
65873 65872
68016 68014
69555 69552
66888 66887
69843 69841
61378 61377
65430 65427
69435 69434
67848 67846
62380 62379
61283 61282
67598 67597
62699 62698
60575 60574
68777 68776
69650 69649
64428 64427
64973 64971
65138 65135
66780 66779
60765 60764
62359 62358
66987 66985
68734 68733
63506 63503
65625 65624
64509 64508
64820 64819
63951 63950
62038 62036
67648 67647
63914 63913
66370 66369
67623 67619
66713 66710
63246 63245
69356 69355
68545 68544
67326 67325
65597 65595
67106 67105
68475 68473
67102 67100
65839 65838
67262 67261
60877 60876
61782 61781
64886 64885
60185 60184
63971 63970
65512 65511
69513 69511
65610 65609
60969 60968
65476 65475
67717 67716
64515 64512
62208 62207
67398 67395
61656 61654
65549 65547
66748 66746
63818 63816
60672 60671
66419 66418
64858 64857
62658 62655
68919 68918
64986 64985
61240 61239
67735 67734
64517 64516
65071 65070
60263 60262
60080 60077
62240 62238
69185 69184
61160 61159
64228 64227
64730 64729
67076 67075
64899 64898
65043 65041
68470 68469
68509 68507
63274 63272
66718 66717
61127 61126
60564 60563
63532 63531
61699 61698
60790 60789
65177 65175
63450 63449
60870 60869
60052 60051
67015 67014
67632 67631
64381 64380
66894 66893
60691 60690
66758 66757
66552 66551
61726 61725
64300 64299
69111 69109
60859 60857
61434 61433
68563 68562
62809 62808
64956 64954
68644 68643
67217 67216
69330 69329
67861 67860
67785 67784
69012 69010
62706 62705
61068 61067
67002 67000
66311 66310
62017 62016
62848 62847
66504 66502
67485 67484
60059 60057
69216 69215
68790 68789
59997 59995
62172 62171
66367 66365
68101 68100
67729 67728
67868 67864
65367 65362
62117 62116
61098 61097
69659 69658
65606 65604
66109 66108
64146 64145
63427 63426
61609 61608
63093 63092
63813 63811
62067 62066
63286 63284
67575 67572
65299 65296
68283 68282
65896 65895
65196 65195
64891 64890
66297 66295
66130 66129
60266 60265
60163 60162
67760 67759
69766 69765
64862 64861
67490 67489
65155 65154
67181 67180
62335 62334
69102 69100
62815 62812
63294 63292
61380 61379
65078 65076
69744 69740
65004 65003
64176 64175
66550 66546
62691 62690
69705 69703
67189 67188
60325 60324
68878 68877
61680 61678
65259 65258
66665 66663
64604 64603
61799 61797
62431 62430
60203 60202
68281 68280
65096 65094
67855 67854
66224 66223
66953 66952
66346 66345
60472 60471
63905 63903
63446 63444
68446 68445
67932 67929
69584 69582
68536 68534
66208 66207
63612 63611
68380 68379
65980 65979
63078 63075
68640 68639
63718 63717
61079 61078
66909 66907
61421 61420
61735 61734
61351 61350
64205 64204
63128 63127
67313 67312
66896 66895
63736 63734
62373 62372
61442 61439
66580 66579
67205 67204
69527 69525
62445 62443
66745 66744
66400 66399
62811 62810
67835 67833
68300 68299
68693 68691
61882 61880
63170 63169
63475 63474
63586 63585
62181 62180
63198 63196
67109 67107
65835 65833
61759 61757
62743 62742
69729 69727
64947 64946
60724 60723
63060 63059
61295
65179 65178
66023 66021
64258 64255
67470 67469
64676 64673
65356 65355
63845 63843
66071 66070
62896 62895
68794 68791
67679 67678
62733 62732
65688 65687
67810 67809
65361 65360
69668 69667
62072 62071
65399 65398
60613 60612
69983 69982
69376 69375
67741 67740
62509 62507
66813 66812
63547 63546
60216 60215
64319 64318
63957 63955
63794 63793
66878 66877
67700 67699
69178 69177
60934 60933
69024 69023
66674 66673
60166 60164
63949 63948
66029 66028
61040 61039
67039 67037
61449 61447
60050 60049
64951 64948
68191 68188
64911 64909
61504 61503
68409 68407
65645 65644
61151 61150
68766 68765
61339 61338
63208 63207
68862 68861
64690 64689
68630 68629
61034 61030
69027 69026
63926 63925
63377 63375
66256 66255
65765 65764
69244 69241
61557 61554
68579 68578
67340 67339
62581 62580
68389 68387
61917 61916
60892 60891
61563 61561
63393 63391
62675 62674
63438 63437
61685 61683
64904 64903
67294 67293
66721 66720
65955 65952
68103 68102
67046 67044
65676 65675
63636 63634
64001 64000
68239 68237
61232 61231
68628 68626
67296 67295
63770 63768
64396 64395
63225 63222
62471 62468
62086 62085
62467 62466
61451 61450
65585 65581
61858 61855
69228 69227
68047 68045
66145 66142
68480 68479
62922 62921
63283 63282
65649 65647
63044 63043
64723 64722
61514 61513
62695 62694
61874 61873
60890 60889
65221 65220
61288 61287
65484 65483
62867 62866
66114 66112
64120 64119
60285 60284
60986 60984
68224 68223
68343 68342
69517 69516
68026 68025
63359 63358
68230 68229
69354 69353
69986 69985
60107 60105
67478 67477
63575 63574
62387 62386
61223 61222
63708 63707
65737 65736
67061 67059
60196 60195
66692 66691
67248 67245
69961 69960
69201 69200
65535 65533
64334 64333
63467 63465
64706 64705
69483 69481
64391 64389
66080 66079
69061 69060
61333 61331
60261 60260
61046 61045
62625 62624
65333 65331
61113 61112
67662 67661
65594 65593
60468 60467
65482 65481
64576 64575
69264 69263
62140 62139
65372 65371
60772 60770
63572 63571
65637 65636
64400 64399
65262 65260
67902 67901
67402 67401
60340 60339
65537 65536
67208 67206
67804 67801
67099 67098
62601 62599
69698 69695
69654 69653
63798 63795
64384 64383
62557 62556
61120 61119
67588 67587
61869 61867
64623 64622
64222 64221
62420 62418
68748 68747
61005 61004
65308 65304
60367 60365
60113 60111
63912 63911
60269 60268
69770 69769
62105 62104
60503 60501
64195 64193
61323 61322
67315 67314
65601 65598
61014 61013
67779 67777
60394 60393
62489 62488
68874 68872
68050 68049
69289 69288
62323 62319
69193 69189
64416 64414
60321 60320
66348 66347
63112 63109
64315 64313
61149 61148
67214 67213
69246 69245
67033
66847 66845
61690 61688
68741 68740
62891 62890
64249 64247
67993 67992
63775 63774
64118 64112
60705 60704
66471 66466
64165 64160
65461 65460
68394 68393
61314 61313
63321 63320
64560 64559
63888 63887
67914 67913
64998 64997
69832 69829
62908 62906
67895 67892
63973 63972
64897 64894
66831 66830
67391 67390
61089 61088
60832 60829
62766 62765
69903 69902
63024 63021
66928 66927
66375 66373
65665 65664
68954 68953
67364 67363
68370 68368
66426 66425
68820 68819
63767 63766
64362 64359
68352 68350
69423 69422
69783 69780
62688 62684
63091 63089
63448 63447
65892 65891
65434 65432
65265 65264
60500 60494
60110 60109
66913 66912
65692 65690
61122 61121
68698 68697
66583 66582
68160 68159
60941 60940
69385 69384
69345 69344
69007 69005
61682 61681
62060 62056
63629 63628
67423 67419
67666 67664
62864 62863
65634 65633
66173 66172
68503 68502
61607 61606
63701 63699
60011 60008
69500 69499
64796 64795
66611 66610
64619 64618
65717 65716
61480 61479
62854 62853
65850 65849
69480 69479
64602 64600
65578 65576
68405 68404
62031 62025
66077 66076
69942 69941
60428 60426
60973 60970
61712 61707
68167 68165
66920 66919
64243 64240
65016 65014
60485 60484
68112 68111
66195 66191
60342 60341
65359 65358
64235 64234
65491 65490
64109 64105
68466 68463
69990 69989
68785
60405 60404
69455 69454
66006 66005
65621 65620
67193 67192
66999 66995
63740 63739
69774 69771
67859 67858
62660 62659
68375 68374
68091 68090
61903 61902
67451 67449
60435 60433
69127 69126
66776 66775
66796 66795
69676 69675
63105 63103
66302 66298
68331 68330
60439 60438
61096 61095
68396 68395
67924 67921
63121 63120
64263 64261
68303 68302
61519 61518
60740 60738
69524
65735 65731
60820 60818
67241 67239
64394 64393
60624 60622
66690 66689
63006 63003
60875 60874
68981 68980
68586 68584
60437 60436
66751 66750
62715 62713
65045 65044
60610 60609
64685 64684
66339 66336
67133 67132
66038 66037
63654 63653
65181 65180
63242 63241
61905 61904
68577 68575
69188 69187
67048 67047
68194 68192
60493 60492
65500 65499
61910 61909
61311 61308
61921 61919
67885 67884
60148 60146
69924 69923
67934 67933
66683
61900 61899
62170 62169
60346 60343
64358 64357
62277 62274
60006 60005
63763 63762
63861 63860
66424 66420
68071 68070
67082 67081
67966 67964
63002 63001
61636 61635
60718 60716
60873 60871
63678 63676
60853 60851
61158 61156
64793 64792
66865 66863
63863 63862
62109 62108
69873 69872
64511 64510
65121 65119
69912 69911
65572 65568
67656
68220
69380 69379
65347 65346
60311 60310
61965 61963
67988 67987
66157 66153
69486 69485
69070 69069
68487 68486
61789 61788
69372 69371
64470 64468
63161 63160
67615 67613
68110 68108
66948 66946
63049 63048
61473 61471
62002 62001
64808 64806
69009 69008
69383 69382
62479 62478
64669 64668
62458 62455
61523 61520
67023 67022
65495 65494
67144 67143
63671 63670
69442 69440
61954 61953
64135 64134
69341 69339
60567 60566
62258 62257
63631 63630
69796 69794
61269 61267
64787 64786
67406 67405
65870 65868
68958 68957
69040 69039
67878 67877
62647 62645
64275 64274
69328 69327
62782 62779
62349 62347
62757 62755
61179 61178
61461
68601 68599
63687 63686
65745 65744
66670 66666
65519 65518
62949 62945
62175 62173
64472 64471
62776 62775
66244 66243
67528 67527
63168 63167
69148 69147
68041 68040
61167 61166
66320 66319
68845 68844
68815 68812
68887 68886
65188 65186
63042 63039
68187 68185
67999 67997
62683 62680
69281
66171 66170
60487 60486
68348 68345
68179 68178
61184 61183
60535 60534
65827 65826
63545 63543
69798 69797
67502 67500
67113 67112
68952 68948
66900 66899
68715 68713
69810 69809
69652 69651
62944 62942
61693 61691
60121 60119
62823 62822
61264 61263
63020 63019
62548 62545
61894 61892
66291 66290
67580 67579
61044 61043
61297 61296
68252 68251
69857 69855
68257 68256
65689
64663 64662
61118 61117
66415 66414
67020 67019
62904 62903
64297 64295
61938 61937
60229 60226
65463 65462
64789 64788
61196 61195
60319 60318
62901 62900
68986 68985
66152 66151
61206 61205
60939 60937
61320 61319
66289 66288
65436 65435
61973 61972
65962 65959
62326 62324
60461 60460
61020 61019
63163 63162
68527 68524
67447 67446
63549 63548
61730 61729
68612 68611
62460 62459
63966 63964
61300 61298
69701 69699
66880 66879
66178 66177
66700 66699
60606 60603
66591 66590
63098 63097
66036 66035
61575 61574
64717 64716
62538 62536
62130 62129
63150 63149
63711 63710
60194 60193
68864 68863
68930 68928
65202 65201
60781 60780
60936 60935
66898 66897
66688 66686
66124 66122
63348 63346
66657 66655
69401 69400
68243 68241
69337 69336
61129 61128
65010 65009
68119 68118
61255 61251
68970 68967
69359 69358
60653 60652
61364 61360
65498 65496
66260 66257
69921 69920
69125 69124
60155 60153
65556 65555
64761
67054 67053
64454 64452
60152 60149
62095 62094
64067 64066
64061 64059
63264 63261
66395 66391
66457 66456
67842 67840
63240 63239
68462 68461
61190 61189
60116 60115
61673 61671
62264 62263
64728 64726
66676 66675
68212 68211
69629 69628
68065 68064
67891 67890
65504 65502
61173 61170
69619 69617
60927 60926
66043 66042
67553 67552
62193 62190
66091 66089
64094 64093
60271
61525 61524
63963 63961
67876 67875
65438 65437
67990 67989
64374 64373
60640 60639
64711 64710
65792 65789
62289 62288
68437 68435
65292 65291
68427 68426
67898 67896
61626 61625
66528 66527
61294 61293
69804 69803
63422 63421
63361 63360
65951 65949
64580 64579
64277 64276
64606 64605
66850 66849
68636 68634
62103 62102
69396 69395
69931 69929
62763 62762
65110 65108
67608 67606
69910 69906
64586 64584
67475 67471
65562 65561
66884 66882
61773 61772
69432 69429
60416
67976 67975
67496 67494
63213 63211
64462 64461
69540 69539
61376 61374
64799 64797
65406 65403
61237 61236
64889 64887
65627 65626
66455 66454
61057 61055
60754 60753
61003 61002
61162 61161
60464 60463
62000 61999
68731 68730
61753 61751
65653 65652
65107 65106
68329 68328
63255 63254
68664 68663
64847 64846
61330 61329
65392
60029 60027
62916
63017 63016
62363 62362
66251 66250
65524 65523
66162 66160
65774 65773
65945 65943
67758 67757
69568 69566
61923 61922
64050 64049
65916
60638 60637
68603 68602
60330 60328
66534 66531
69988 69987
68425 68423
68154 68153
60247 60246
69693 69692
64488 64486
67813 67812
67400 67399
62912 62910
61990 61989
63145 63141
62303 62302
60283 60281
67920 67919
66932 66929
68896 68895
64201 64200
68354 68353
65116 65113
61718 61716
61426 61424
63100 63099
65474 65468
66359 66357
62237 62235
68010
68083 68082
60126 60125
69467 69466
66628 66626
68556 68554
63523 63522
62839 62837
62999 62998
60615 60614
64073 64072
65223 65222
69019 69018
66139 66138
66525
63842 63841
63824 63821
69142 69141
66324 66323
60045 60043
62594 62593
64959 64958
60959 60957
60309 60305
67499 67497
69218 69217
65276 65273
62346 62345
61359 61358
67677 67676
63703 63702
66950 66949
69077 69075
61266 61265
60558 60554
62452 62451
62273 62269
60587
66417 66416
62447 62446
63923 63922
61821 61818
67201 67200
62506 62505
66217 66215
69352 69349
68430 68428
65416 65415
63513 63511
61733 61731
60621 60619
69056 69053
66253 66252
69495 69491
68158 68157
63761 63759
65245 65242
63873 63872
62353
69366 69364
65919 65918
61630 61627
66075
62979 62975
63684 63681
61629
66739 66738
68657 68654
69439 69438
60002 60000
65820 65819
67285 67283
62517 62516
62821 62820
66595 66594
61432 61431
61397 61396
69748 69747
62639
63114 63113
66074 66072
60392 60391
62511 62510
67041 67040
64341 64340
61714 61713
64893 64892
61343 61342
69095 69094
68682 68681
69159 69158
66836
66585 66584
66554 66553
64873 64871
68222 68218
63338 63337
60225 60223
62236
63493 63492
67287 67286
61235 61234
67093 67092
62962 62961
64421 64420
65401 65400
60702 60701
62751 62748
65301 65300
64321 64320
69937 69936
67031 67030
67464 67462
66785 66784
63132 63131
61946 61945
60013 60012
67027 67026
61194 61193
67756 67754
63159 63158
65913 65911
68432 68431
64494 64493
68805 68802
64029 64027
69378 69377
66281 66280
61233
69751
62828
67708 67706
60682 60678
68532 68531
64408 64407
68712 68710
66307 66306
66636 66635
66475 66474
69787
64080 64079
67938 67937
66821 66820
64770
68852 68850
61527 61526
63521 63520
60675 60674
62650 62649
69506 69505
60813 60812
68569 68568
60133 60132
61764 61763
64137 64136
60287 60286
68937 68936
63883 63882
63308 63307
68013 68012
64226 64225
62329 62328
66606 66604
67459 67457
62858 62857
60856 60855
65841 65840
62740 62739
61886 61883
68836
66732 66731
62278
68911 68910
68005 68004
69717 69716
61853 61852
62123 62122
68530 68528
64010 64009
66318 66317
65763 65761
69621 69620
62097
61750 61748
62526 62525
65025 65024
63269 63268
68386 68385
60026 60025
60065 60064
61500 61499
66867 66866
61198 61197
67355 67353
68583 68582
66186 66184
65529 65528
65867 65866
67547
68232
60249 60248
63477 63476
68207 68206
65157 65156
60793 60792
66578 66575
63330 63329
60699 60698
64170 64169
64191 64190
60715 60714
64155 64154
64281
61866 61865
66564 66563
62608 62606
69168 69167
61286 61284
66222 66220
66860 66859
66943 66941
64760 64759
60443 60440
61077 61076
61835 61833
60762 60761
64552 64550
66334 66333
67120 67119
66010 66007
69828 69826
65425 65424
62496 62494
68549 68548
66480 66477
62633 62630
62907
64406 64404
67292 67290
64851 64848
69490 69489
64194
60031 60030
66719
61593 61592
69890 69886
60981 60974
66057 66054
65337 65334
62559 62558
66876 66874
66945
67438 67436
60509 60508
68574 68572
66189 66188
61140 61139
64639 64638
64388 64387
61599 61598
62268 62267
64649 64648
67266 67265
64159 64158
66649
69199 69195
65352 65351
60752 60751
65467 65466
62464 62462
63542 63541
69473
64253
62344 62343
62342 62341
63808 63807
62605 62604
61546 61545
63118 63117
62957 62956
64782 64781
61645 61643
63852 63851
63657 63655
65875 65874
62528 62527
62513 62512
61291 61289
60483 60477
63379 63378
69427 69426
67943 67941
63151
62409 62406
60796 60794
63399 63398
62834 62832
65656 65655
67681 67680
68341 68340
61703 61702
66572 66571
67085 67083
62789 62787
61777 61775
66303
61506 61505
64500 64498
68150 68148
69818 69817
67142 67141
60093 60092
66017
60657 60654
64570 64568
63108 63107
64188 64187
67753
60302
67751
69849 69848
64583 64582
61446 61443
62019 62018
64366 64364
62248 62245
66696 66695
66059
65978 65976
68356 68355
62174
66996
66558 66556
61767 61766
65613 65611
66892 66889
69816 69815
64469
69406 69405
66026
69834 69833
68105 68104
65417
65603 65602
61842 61838
64658 64656
69171 69169
62745 62744
63317 63316
61532 61531
63216 63214
62600
62983 62982
68947 68946
61590 61588
68841 68840
64629
68043 68042
61621
66496 66495
69087 69086
69836
63179 63178
63828 63827
63406 63405
64345 64344
63946 63939
67276 67274
66981 66979
61465 61464
66034 66033
60417 60415
62385 62383
68606 68604
61950
60446 60445
60254 60253
62700
63432 63431
62623 62620
66316 66315
64026 64025
65966 65965
69793 69791
65396 65395
65423 65422
60237
60900 60896
65205 65204
69823
69243
60208 60204
60023 60022
67238 67237
60800 60799
63777 63776
65887 65885
60007
62778 62777
68898 68897
61560 61558
62253 62252
62836 62835
64908 64907
68298 68297
63177 63176
68491 68489
61075
63397 63396
61597 61596
68018
63607 63604
64945 64944
68867 68865
68746 68745
68384 68383
61011 61010
60668 60667
65817 65816
67591 67590
61484 61483
60569 60568
66013 66011
60351 60349
62051 62050
60470 60469
64279 64278
60432
61027 61025
64721 64720
68561
64492 64491
63589 63587
63124
60181 60178
65882
65615 65614
65865 65864
60419 60418
68505 68504
66855 66854
61125 61123
67711 67709
63844
68335 68332
67199 67198
68285 68284
63706 63704
63800 63799
64028
69079 69078
67299 67298
62754
61634 61633
67936 67935
64308 64306
64628 64626
69166
69250 69249
64199 64196
66409 66408
61811 61809
63054 63053
69580 69578
65448 65447
67582 67581
62628 62627
63615 63613
66183 66182
68293 68291
61092 61091
61317 61315
65090
67958 67957
68835 68832
63651 63648
65975 65974
62311 62310
62693 62692
62587
65486 65485
60452 60451
66278 66277
69779 69778
63313 63311
62577 62574
69394 69392
60300 60299
67066 67065
68250 68246
63995 63993
67978 67977
63618 63616
65743 65742
66451 66450
67996 67995
68442 68441
64398 64397
61414 61413
66402 66401
64558 64557
60842 60841
66180 66179
68367 68366
68347
68147 68146
68856 68854
67282 67280
66442 66441
66384 66383
60523 60522
63345 63343
67748
68588 68587
60458 60457
64725 64724
64483
65559 65558
66429 66428
61841
67556 67554
68743 68742
68038 68037
62100 62098
67733 67732
62508
63857 63856
68801 68798
65708 65707
64627
63140 63139
62598 62597
65651 65650
69944 69943
63791 63790
67731 67730
62995 62993
66232 66231
68956
60971
62309 62308
64548 64547
66103 66102
61438
60583 60582
62313 62312
63510 63509
69728
63420 63419
66561 66560
69194
63977 63975
66016 66014
60348 60347
67473
61163
66706 66705
61908 61906
60211 60209
62337
64615 64614
69604 69601
63901
61697 61696
61612 61610
61007 61006
60845 60843
63171
66906 66904
63633
61477
63462 63460
66272 66268
66199 66198
63664 63663
69641 69639
65341 65340
62041 62040
61023 61021
66935 66933
69683 69682
61861
63333 63332
67273 67272
65929 65926
61796 61792
62495
61366 61365
69266 69265
66804 66803
68662
68310 68309
65269 65266
64115
69871 69870
65215 65214
69564 69563
61227 61226
64875 64874
60573
64546 64545
66842 66841
60062
61292
68209 68208
68904 68901
66772 66771
63052
60895 60894
66598
66066
63694 63693
68610 68609
69905 69904
61746 61745
62796 62795
67195
63464 63463
65659 65658
69623 69622
64252 64250
64741
62851 62850
63933
62641 62640
69257 69256
66136 66135
66120 66118
69901 69900
62653
68793
64594 64592
60581 60580
60938
67224
65540 65538
64339 64338
65055 65052
60091 60090
60063 60060
67800 67799
62382 62381
64142 64139
69073 69071
65465 65464
64637 64636
62157 62155
66128
69715 69714
63809
69131 69128
60562 60561
66756 66755
62216 62214
64996 64995
65889 65888
61497 61495
60868 60867
65857 65856
60475 60473
65776 65775
69691 69690
62503 62500
63257 63256
62669 62668
61529 61528
68955
61303 61301
64317 64316
66031 66030
60377 60375
67513
66937 66936
65233 65231
61182 61180
63327 63326
60774 60773
61879 61878
69161 69160
60591 60590
66062
64091 64090
64270 64269
68089 68088
60379 60378
69294 69293
64343 64342
65164 65163
68152 68151
63584
64927 64925
66386 66385
65343 65342
69285 69284
66736 66734
69575 69574
62501
65780
62074 62073
66242 66241
65515 65514
65854 65851
66159 66158
66726 66723
67090 67088
64208 64207
61884
69210 69209
61756 61755
60306
62646
68002 68000
69919 69917
63457 63456
63494
64002
65667 65666
65580 65579
68756 68752
67322 67321
61373 61372
62611 62609
62136
64419 64418
62321
61248
63595 63593
67346 67344
67373 67372
61611
60297 60294
65804 65798
66545 66544
65480 65477
67718
61665 61664
62280 62279
60722 60719
65241 65240
68231
62886 62884
66266 66265
62635
69204 69203
62726 62725
66648
64544 64543
63624
67154
68472 68471
69627
67123 67122
69663
64910
63554 63553
61986 61985
60863 60862
67682
69252 69251
63383 63382
60512 60511
66432
67430 67429
69408 69407
64273 64271
67544 67543
67278 67277
67793
61482 61481
68788 68787
66991 66990
66886 66885
66406 66404
69492
65402
61475 61474
67352 67347
62924 62923
62989 62988
65185 65184
67244 67243
62677 62676
62827 62825
69240 69238
68011 68009
65939
62361 62360
66835 66834
65907 65906
60788 60785
69123
64312 64311
66512 66511
61936 61935
67637 67635
69066 69065
62293 62291
67331 67327
69754 69752
64298
68940 68939
61422
66270
66852
61864 61862
60903 60902
68266 68265
61408 61406
68784 68782
67798 67795
61823 61822
62929 62927
65018 65017
62931 62930
60189
60664
68163 68162
60235
67867
65063 65062
64854 64852
67056 67055
61138 61137
61147 61146
66488 66487
66150 66146
66449 66448
69933 69932
65349 65348
60390 60389
64736 64735
61771 61770
69098 69096
61401 61398
63866 63864
64099 64098
67622
63552 63550
64872
65391 65390
64523 64522
66966 66965
64214 64212
63363
65746
67566
65411
64451 64450
69899 69897
60728 60725
67946 67945
69697
66144
62920 62919
68411 68410
65104 65103
66672 66671
61847 61845
64609 64608
60703
68263 68262
63669 63668
60398 60397
60218 60217
63271 63270
68647 68645
67956 67955
65998
61911
69598 69597
60886 60885
67126 67125
64328 64327
61962 61961
65182
67789 67788
65203
60533 60532
62648
67097 67094
68421 68419
62411 62410
60808 60807
66682
67148 67145
65290 65287
68827 68825
61977 61974
63544
62544 62543
62842 62840
62875
67255 67254
61202
63009 63007
61969 61967
65786
68608 68607
68081 68078
60222 60220
62222
62284
64775 64774
64833 64832
67253
69488 69487
62894 62893
62223 62221
65033 65032
68614 68613
63129
61949 61947
69029 69028
60094
62099
60036 60035
67117 67114
61463 61462
64363
60210
60899
61743 61742
67328
67432 67431
60456 60455
66390 66387
62012 62011
63781 63780
60295
69896 69894
60767 60766
67991
67814
67870
61405 61404
60364
64203 64202
65278 65277
62419
65715 65709
67444
67466 67465
68839 68838
63716 63715
61640 61638
69948 69947
64884 64883
65048
69504 69501
62473
62888 62887
69312
63742
62047 62045
69300 69298
67626 67625
65207 65206
65932
66045
62087
61177 61176
68709 68708
65140 65139
63237
62540 62539
68290 68289
62749
65227 65226
65995 65993
65575 65574
69969 69967
67516 67509
62164 62162
68671 68670
64597 64595
64005 64003
64445 64444
67630 67629
65846
66587 66586
65981
66048 66046
63204 63203
65900 65899
67129 67128
61585 61584
68128 68127
68515 68514
62955 62953
66659 66658
60997
60017 60016
64744 64738
66704 66703
61774
63057 63055
67971 67970
68305 68304
68737
62093 62092
63095 63094
60578
63564 63563
67670 67667
67448
68926 68922
68941
61387 61386
61260 61258
60642
62332 62330
65268
68976 68972
66778 66777
66600
67538 67537
67518 67517
66141 66140
65703 65701
67421
68443
63290 63289
62747 62746
65319
62107 62106
66844 66843
60450 60449
66440 66439
65630 65628
68652 68650
69662 69661
67267
61074 61073
62076 62075
65796
67375 67374
61186
63714 63712
65674 65673
65060
60272 60270
64324 64323
64708 64707
63723 63721
63415 63414
64144 64143
67571 67570
62987 62986
67823
62315 62314
63806 63805
66825 66824
61220 61218
66350 66349
64815 64813
62184 62182
66871
62351 62350
60586 60585
65023 65019
69720 69718
68781 68779
60267
64919 64917
67589
65510 65508
64352 64349
64103 64102
68115
62206 62202
68735
65190 65189
61870
61246
69964 69962
60372 60371
65984 65983
62243 62242
61143 61142
65740 65739
66574 66573
68935 68934
62679 62678
67953 67951
65560
67455 67454
68968
63372 63371
64563 64561
63291
68987
65719 65718
64687 64686
60670 60669
68333
69510 69509
64551
68523 68522
69451 69450
60735 60732
66344 66341
62941
60074 60070
61979 61978
60442
61306 61304
67343 67342
63496
62435
65686 65682
68659 68658
65904
68720
63561 63560
66305 66304
60498
65859 65858
62225
66438 66437
67095
67045
60700
66053
62917 62915
67155 67152
66447 66445
67713 67712
67348
67665
62400 62399
61516 61515
62497
69091
68008 68006
67829 67824
63894 63892
66020 66018
67926 67925
67658 67655
66508
68871 68870
67271 67268
63483 63479
68125
65128 65126
63194
60708 60706
61188 61187
60956
61844 61843
62039
63508 63507
69992 69991
64302 64301
65570
63835
62940 62939
69255 69254
64542
69863 69862
60170 60167
61863
60327 60326
68673 68672
68993 68988
66473 66472
67786
69230 69229
67900 67899
65409 65407
68732
62966 62965
60101 60100
66329 66328
61828
69472
61689
60839
60362 60357
68063 68060
62091
60908
63037
62618
63411
68618
66621 66619
62730 62729
69938
65623 65622
69685 69684
68843 68842
62256 62255
68416 68415
61941
69643
69116 69114
67104 67103
67904
64239 64238
61356 61352
66753 66752
62215
63082 63080
60967 60965
68444
67151 67150
69866 69865
61349 61346
60983 60982
60137
67170 67168
66840
66111 66110
62572
60282
63502 63500
62992 62990
65039
61510 61509
63384
66459 66458
60192 60191
66131
61622
66522 66521
66327
62090
66509 66507
62566 62565
69554
66570 66569
63220 63219
68519 68518
66372 66371
60385 60383
68501 68500
62644 62642
60358
62133 62131
60660 60659
64246 64244
62682
60517
64939
64361
66133 66132
67184 67182
65823
62711 62710
65120
65772 65770
67308
60278
65861 65860
62844 62843
60824
65532 65530
64765 64763
60382 60380
68176 68175
67487 67486
64975 64974
61687 61686
64192
66203 66200
65758 65757
66463 66462
62297 62295
60048 60047
63184
69137
63293
61201 61200
65808 65807
63929 63928
69191
63539 63538
68903
69463 69459
67289
60242 60240
62728
65925 65922
67688
62192
67818 67815
66918
69546 69545
61968
61456 61455
66980
65695
61385
66309 66308
60462
65244
62943
69348
66802
68440 68439
62034 62033
67889 67888
63130
60531 60529
62985 62984
61354
68205 68204
60850 60849
65894 65893
68966
62491 62490
69558 69557
64645 64644
64157 64156
67382 67379
65741
60519
69859 69858
65954
63619
63665
63258
61109
61050
68506
69600 69599
67628 67627
60250
67905
63802 63801
64743
65008 65005
64881
63076
64641 64640
67825
61101 61100
61009 61008
62529
66517 66514
67025 67024
66287 66285
69710 69708
60633
69958 69957
69956 69955
63974
67525 67523
63441
61410
65554 65553
68177
63181 63180
65778
68495 68494
60004
64766
69414
68933 68931
67906 67903
62357 62356
61437
68449 68447
67612 67610
60748
64585
66485 66484
61106 61105
66167 66166
60880 60879
64562
65029 65028
63666
64902 64901
62631
62044 62042
69135
63580 63579
65726
69162
66783 66782
68095
66698 66697
64812 64811
66770
67038
69515 69514
64019 64016
63434 63433
60632
66567 66565
65443
69045 69043
67393 67392
67841
69602
63439
67493 67491
65713
65822
68322 68319
67737 67736
61212 61210
62805
63559 63558
66616 66615
62262
68454 68453
67657
66097 66094
69418 69416
64992
68851
61419
66743
65385 65384
62926 62925
65638
60338 60337
65069 65068
66423
68704 68701
61540 61539
68236
61993 61992
63999 63997
60711 60710
65162 65161
69214 69211
63445
65168 65167
67131 67130
65832 65829
63959 63958
68945 68944
62619
69974 69972
68117 68116
69737 69733
63832 63829
63685
64865 64864
69275
60685 60683
64800
68141 68137
61752
67605 67604
61029 61028
62331
62883
68881 68879
63691 63690
60044
69321 69320
69122 69120
61395 61392
65272 65270
65328 65327
68619 68616
68517 68516
67371 67370
67511
63195 63193
64071 64070
63288 63287
65992 65990
68565
68099 68096
69669
67078 67077
63440
69146 69145
61252
63756
67639 67638
69893 69892
65313 65312
65187
63173 63172
69854 69852
67007
66264 66261
69457 69456
63614
64075
62128 62127
66465 66464
61587 61586
64031 64030
64822 64821
63408 63407
64024 64023
69074
66536 66535
64572
60201 60200
66994 66993
68538 68537
62392 62389
60085 60081
66175 66174
67252 67251
69453 69452
69234
65321 65320
61837 61836
63505
61243 61242
66249 66248
64045
63592
65281 65279
64481 64479
67593 67592
61715
64566 64564
65905 65903
68526
66737
61229 61228
62449 62448
69278 69277
60888 60887
69303
64459
63645 63644
69908
65812 65811
64434
69460
63156
68817 68816
61458
61553 61552
66197 66196
61801 61800
64727
63812
61116 61114
65805
66284 66282
64495
60188 60187
66194
68775 68774
69388 69386
60530
65542 65541
69753
62113
66342
63870 63869
68960 68959
69369
63825
67435 67433
60104 60103
65884 65883
61604 61603
69763 69762
66154
64682 64681
61927
68837
61667
66510
65710
60214 60212
65393
63234 63233
63515
66722
68249
64988 64987
67232 67229
60056
64654 64653
68215 68214
69447 69446
64284 64283
64088 64086
62542 62541
66870
61728 61727
68085
63138 63137
67692
61051 61047
66294 66293
64443 64441
60366
69581
63229 63228
63469 63468
66354
61653 61647
65643
63116 63115
63754 63753
68288
60502
61981 61980
67689 67687
68905
69551 69550
69512
65171
61723 61721
62059
69968
69895
62474 62472
64896
65369
68186
66436 66434
60620
65335
64403 64402
69928
66083
61738
60219
62054
68703
66501 66500
67086
66064 66063
63236 63235
64456
65031 65030
61783
68917 68915
63919
67415
63087
66055
62429 62427
62689
68390
60384
63643
69789
66479
67187 67185
68638 68637
66954
61042 61041
68493
62141
65027 65026
68398 68397
65386
69268 69267
64117
69309 69308
69879 69877
62576
62461
66461 66460
65969
62020
62617 62616
65286 65285
60978
67221 67220
60825 60821
65753 65752
60245
63319 63318
62296
69186
61337 61334
60145
60430
60129
66625 66623
61478 61476
60661
60421 60420
64778
64571
64415
69150 69149
63008
64365
67029 67028
67939
66201
68417
67514
69315 69314
66039
63932
60795
68275
66603 66599
68571 68570
66791 66790
66106
60345
64868 64866
64540 64536
61915 61914
62697 62696
61623 61618
64054
61094 61093
62398 62397
65339 65338
63850 63848
65397
63729 63728
62773 62771
64060
60292 60291
68633 68632
64476
66040
69542
69017 69016
62377 62376
63700
67197
64554 64553
60952 60950
63820
61851
69750 69749
64525 64524
67043 67042
68678 68676
62550 62549
68728 68727
63262
61018 61015
69374 69373
68457 68456
69565
67063
64977 64976
61429
65022
66516
69081
61310
62029
64304 64303
61460 61459
60695 60692
62195 62194
65330 65329
64930
66925 66923
65364
62800 62798
62439
62204
65564
60697 60696
63516
63165
63987 63986
67036 67032
65134 65133
65509
64423 64422
61136 61134
62456
69593 69592
65013 65011
63328
66127
64529 64528
69305 69304
68235 68234
63074 63073
61850 61848
62457
64970 64968
67817
66421
67765 67762
66532
64651 64650
60648
66540
60555
69031 69030
60003
68067 68066
60921 60920
65249 65248
63536 63535
69673 69670
68138
69645
65806
65831
61407
69119 69118
63984
64719 64718
61570
64527 64526
68414
63652
63033 63032
66283
60431 60429
68623 68622
66944
69671
63720 63719
62938
65305
68700
64183
65705
69202
64661 64659
60280
63188 63186
62294
65383 65380
62861
67215
64652
67080 67079
66337
61827
62408
66226 66225
66890
65869
66274 66273
67034
69313 69311
69470 69469
62485
66431
68929
67369 67368
67336 67334
61890
69616 69615
66939
61571 61568
67650
64140
60861 60860
68307
63983
64104
65957 65956
66902
67624
60098 60097
64691
62058
67752 67750
61998 61996
68696 68694
60589 60588
61321
61778
62797
68989
63354 63352
65997 65996
60737 60736
64929 64928
64168 64166
62521 62520
66519
65788 65781
60945 60943
63921
61467 61466
64197
62154 62152
67621
63012 63010
67526
62792 62791
67577 67576
67453 67452
66974 66972
66069 66068
61102
60617 60616
65275
61135
68973
69709
67863 67862
65671
69351
65871
65040
68529
68273 68271
67881
64063
60801
62968 62967
66024
61498
69357
66003
64802 64801
63625
69212
67264 67263
68451 68450
65324
63683
68325
66817 66816
66922 66921
66801 66800
68542
67838 67837
60989 60988
60831
62082
60730 60729
69940 69939
63058
67011 67010
65109
60999 60998
67320 67319
64141
69971 69970
69021
67443
69140 69138
61798
64643 64642
67880 67879
67380
63935
64262
63298 63297
67424
68278
69468
68822 68821
60014
69768 69767
66163
68786
65309
62301 62300
68564
68974
67408 67407
65845 65844
69363 69361
64700
62607
64150 64147
64965 64962
63221
61572
68814
62426 62425
69681 69679
62588
61815 61812
66202
64565
63804 63803
65699 65698
61705
62758
60481
68795
63962
62802
61279 61278
62114
64831 64829
62285 62283
69825 69821
65412 65410
65723 65722
63750 63746
68406
64336
62831 62829
65815
62061
64290 64289
67458
62442 62441
65779 65777
61249
68909 68908
67138 67135
63865
65944
64762
61897 61896
68210
69724 69721
65958
66374
67776 67775
61275 61274
68344
67874
67535 67533
64921
63647 63646
66234
65085 65084
62290
65021
60644
63238
62946
66654 66652
69048 69047
69603
66364 66363
65513
60972
68560 68559
66593 66592
65760 65759
65521
61648
65599
65618 65617
65247 65246
66155
68485 68483
62736 62735
61669 61666
69232
60374 60373
60096 60095
60942
60158
69004 69003
60069 60068
63940
67422
64757
60466
60779 60778
67052 67050
68079
61920
60992 60990
65280
66760
68520
60207
69334
69038 69037
60019 60018
60147
69430
63880
65697 65696
69572 69570
66997
69656 69655
64497 64496
62790
67668
63605
61241
62803 62801
60174
68180
69814
61064 61063
63603 63601
64784 64783
64266
60079
64096 64095
69636
65160 65159
65192 65191
68376
60317 60316
61175
67149
61472
65354 65353
64943 64942
68184 68183
69736
68327 68326
64754 64753
63849
67388 67387
62115
64231 64230
67546 67545
69827
65377 65376
67828
66338
63953
63727 63725
61983 61982
64040 64039
66513
62781
65310
66714
63785
60434
65194 65193
69963
65389 65388
65012
63047 63045
69640
62179 62178
66839 66838
68592 68591
62951 62950
62453
67121
68198 68197
64679
61719
68069 68068
67270
65489 65487
69155 69154
63909 63908
64248
62873 62868
60400 60399
66435
64859
62270
64953 64952
67694 67691
66523
60769 60768
61814
64888
65646
69013
66228 66227
66301
61454 61452
62573
64386 64385
62023
60757 60755
66651 66647
68667 68665
63418 63416
67663
62024
61185
67260 67258
63917
67928 67927
62219 62218
69397
69608 69606
61061 61060
60733
69888
69700
62148 62147
69761 69760
69297
69412
60964 60963
64216 64215
60611
61332
60777
68706 68705
64478
60388
64818
68155
60086
63126 63125
61253
65880
67603 67602
66667
62375 62374
64004
66113
66614 66613
68724
60693
60150
60547 60546
61133 61132
68807 68806
67569 67568
65217 65216
64280
65924
65654
62239
67783 67782
62247
63555
68247
60183 60182
62367
64969
65374 65373
69534 69533
64376
62493
62055 62052
69586
60479
68996 68995
65251 65250
60636
62994
60552 60551
62638 62637
67549 67548
65325
64348
62721
68943 68942
68268 68267
66096
65938 65935
62551
64008 64007
62352
62482
64296
64460 64458
61538 61537
61830 61829
66956
63656
66483 66481
61672
67064 67062
69755
64264
68035
66236 66233
68313 68311
62211
65405
60495
63022
69549 69548
69788 69786
66617
67764
65767
64042 64041
60996 60993
60884 60882
66362
67948
68306
62265
62592
60303 60301
66099
68729
65136
68642 68641
61174
64895
60001
65961
61327
67173 67172
65092
67357 67356
63218 63217
69196
62487 62486
63166 63164
62391
68365 68364
65977
61930
64379
64702 64701
67660 67659
69441
62336
64113
62531
68866
61700
64941
65132 65130
68869 68868
68121 68120
66984
61425
67006 67005
64237
66733
63157
63871
69635 69633
61355
64840
68925
66004 66002
65991
69055
67586
62304
62552
69837 69835
65289
68062
60864
69782
61496
67536
66566
68547 68546
63745
66959
63517
62183
68054
68513 68511
69002 69001
62165
60252
66960 66958
66061 66060
63119
66788 66786
66433 66430
62338
65679
60175 60173
67413
66051
61394
66716 66715
67426
61430
69772
67396
65493 65492
69025
60643
64305
69225 69221
65898 65897
62251 62250
69340
69497
65663 65662
63278
60514
64211
67508 67507
66915 66914
68007
69322
69532 69531
68219
67303 67302
69042 69041
60602 60598
60846
61192
67212 67211
66412 66410
67269
67158
63031
63578 63577
68474
67558
67771 67770
67836
61155 61154
63677
63847 63846
68132 68129
63760
65877
66073
65173 65170
63368 63367
66679 66678
67963
69307
65038
62970
65318
60666
69647
69874
63030 63026
67481 67479
62046
65421 65420
69631 69630
69951 69949
68984
67498
68097
63135 63134
69444
69362
62135 62134
69812 69811
62232 62231
66827
63212
62150 62149
64101 64100
60628
61794
65065 65064
62287
65379
62028
65317
62780
66557
68762
68061
62583 62582
66694
60858
68378
67797
62909
67492
63273
66187
63682
68144
62306 62305
63342
60251
64122 64121
68680
60826
63583 63582
63430 63428
60448 60447
61453
64880 64879
67968 67967
66868
65588 65587
61710
68770
60680
64048 64046
65704
69719
65818
69610 69609
62281
65527 65525
68337 68336
61931 61928
67203 67202
66269
60727
64089
66086
68525
65755 65754
63357 63355
65592 65591
67146
68750
60904
63569
63296 63295
65912
63769
65148 65147
61502
60883
69689
63106
67802
63079
61660 61659
61024
69239
64556 64555
68296
62978
61695 61694
61624
60758
64251
60679
63792
60713 60712
66381 66380
65326 65322
63598
68552
60336
61108 61107
64053
64153
63581
62166
65006
64533
62671
60055 60053
60015
62596 62595
65670
66712
62049 62048
63424 63423
65089 65088
62568
66056
63070
67164
61536
67794
66515
69915 69914
66837
67012
67068
66453 66452
64218
64520
60482
62416 62415
68314
60414 60413
61555
61423
67116
66856
69864
64322
61168
61944 61943
60689
69325
61271 61270
63244 63243
65552 65550
63263
69165 69163
68107
65255 65254
62685
60172 60171
61141
67069
64624
63302 63301
60099
60665 60663
69347 69346
60290
63787 63783
60039 60037
64589 64587
61957
63315 63314
61646
66978 66976
65972 65971
61086 61085
63473 63472
67437
69891
66392
60746 60745
64431 64430
67175 67174
68458
67297
69248 69247
66881
61062
62325
60071
61948
61562
60646 60645
62856 62855
66947
61840
69269
65801
65051 65050
69680
62590
67366 67365
69571
68346
69726 69725
62057
61169
62454
69562
61605
65428
64392
69036
69687
62838
68438
65288
61832
61371 61370
60881
66529
68420
67641 67640
62724
65368
60572 60571
61872
62954
66027 66025
63050
66858 66857
64964
69805
66787
60944
65706
67247
61567 61565
60488
60707
67954
63088
68598 68596
62212 62210
64672 64671
61534 61533
68923
61668
60816 60814
68932
63027
65565
60979
60231 60230
61328 61324
60909
62673 62670
67918
64814
61530
69741
64409
63335
65824
67524
66470
65115
63859 63858
64325
67725 67724
64505
65450 65449
68969
62687
69276 69274
62872
65074
67831 67830
62936 62935
68086 68084
68139
67234
65506
62316
62537
62395 62394
68075 68073
61145 61144
62656
67739 67738
66271
63600 63597
60206
63309
62483
61684
65053
65648
67949 67947
63300 63299
61544 61543
65114
64378 64375
63540
64534 64532
66486
63920
65879 65876
68600
62734
60655
64867
69072
61375
64149
68721 68719
60360
69050
69638 69637
63499 63498
68621 68620
65414 65413
66589 66588
60961 60960
64739
65118
68203
61492 61490
69885 69884
67865
63482
62934 62932
64830
60332
69979
65750 65749
63943
61720
60817
66393
69462
67894
68287 68286
61813
69083 69080
68635
68646
60662
65049 65047
66443
67008
64447
61577
68131
62814
68403 68399
67746 67745
67350
65783
69015 69014
66119
64843 64842
67843
69868
69706
69808 69807
69688 69686
61070
63698
68656
65612
66992
62718
62546
66964
64870
68174
65747
64790
64979 64978
67440 67439
61960 61959
66093 66092
61934 61932
67767 67766
66926
68975
61595 61594
64198
65632 65631
68783
62974
69851
68803
62318
63817
65837 65836
62783
61617 61616
65934 65931
64916 64915
69331
67442
68478
65721 65720
67698 67695
62423 62422
69952
67397
61307
60577
68804
62421
63336
64017
67161
60694
64064
62138 62137
68605
65067 65066
60329
67072
68318 68317
63608
62585 62584
69213
65641
66774 66773
68880
68052 68051
69591
69840 69838
68669 68668
61087
69521 69520
63855 63853
63854
60625
67236
69410
68858
60651 60650
63752
64337 64335
62402 62401
68369
63366
69735
68106
64058 64057
63413 63409
62714
60549
69847 69845
69579
61776
65787
68173 68171
69605
68324 68323
64695
61347
67324 67323
69503
64232
62799
68792
68826
65472
68593
61740 61739
62952
61578
60118 60117
66875
69258
60524
61211
67003
67183
61501
67506 67504
65316
64310 64309
69306
63231 63230
66602
61309
68126
63136
66555
62230
62667
63570 63565
61780 61779
66009
66276 66275
60784
66818
63724
63471 63470
62125 62124
64440 64438
69022 69020
64111
66684 66680
63353
67140 67139
60635
68056
63029
60542
69907
60923
62477 62476
69033
62143 62142
68855
60806
64611
63947
69856
67826
60078
63111
60804
60072
60157 60156
64647 64646
65212
62902
63996
65503
69338
66067 66065
60677 60676
62022
62723 62722
65143
67578
60954
60543 60541
63960
65230 65229
62591
61722
63885
67115
64326
66989 66988
69482
62384
63090
66254
68490
66811
62417
68492
64184
64449 64448
67542
64022 64020
66382
67742
60987
69596
63310
60811 60809
68046
66660
62340 62339
63478
68510
63410
65738
63325
66645 66644
60123 60122
63733
66095
67127
69502
65948 65947
67853 67852
61970
61939
60213
69431
60510
64621 64620
68685 68683
62564
66123
68627
62203
65732
67715
63896
69317 69316
60087
65933
60949 60946
67404 67403
69139
64062
69839
67378
62786 62785
65989
67778
62013
62015 62014
68371
62244
60180
64599 64598
60067 60066
66762
69530 69528
62465
61601
60673
63590
67595 67594
65284 65282
66520 66518
69335
60131
64114
66650
66407
61411
69977
69508 69507
60239 60238
62681
62365 62364
60976
66559
60289 60288
65123
60408
62882
64869
61054
69846
63622 63621
64827 64826
67259
69292 69291
63627 63626
65785
66526 66524
67744 67743
62575
64617 64616
66630 66629
68894
66446
67910 67909
62914
60893
65473
65145
61692
66117
66147
65534
69393
63831
64961
63341 63339
64126
62177 62176
69172
60061
67520
62586
67111
65381
63819
69624
60658
68653
65073 65072
64740
69052 69051
61542 61541
62101
69738
60627
65297
64660
68087
62563 62562
64625
62603 62602
60425
66646
63878
62720
69183
69207 69205
63881
61312
62643
69535
65075
68373
67165
68830 68829
60228
69853
65056
67564
66403
65600
65923
63143
63182
66238
68921 68920
64056
65917 65915
62686
61048
64108
63142
60750 60747
67510
66413
66548
62869
65442 65441
61099
64746
61976
64900
62567
60402
63249 63247
61494 61493
68757
67998
64850
66853 66851
60840
60165
61975
61512
61898
65605
68828
68553 68550
66087
67614
66126 66125
60962
61619
60741
60224
64773 64767
64377
60656
64152 64151
68799
67541 67539
63504
67755
68169
67162
67461 67460
65452 65451
62492
63412
62440
63695
65298
63576
64804 64803
64128 64127
67697
60307
60409
67893
64697
68991
64164
61889
66577
60537
64356 64355
62197 62196
64613
69402
62475
67157
62578
60798 60797
66394
63481
66814
67557
66498 66497
68130
64601
63907 63906
69984
68436
63403
63442
65946
62213
66971
67250 67249
66749
62958
68166
66330
68315
66185
60244 60243
60046
63501
64148
60130 60127
68217 68216
63201
63480
61441
61744
64294 64292
61436 61435
67974
63266 63265
68702
61566
65586
61399
69273
61084 61083
64425 64424
60424 60422
62227
63965
62191
64267
64464
61581
66799 66798
68594
60584
69883
68739
65684
66213
60315 60314
60144
60124
68771
64131
65685
64923 64920
64513
63992 63990
60749
63133
65042
62870
62534 62530
63797
68677
65878
69326 69323
64074
62738 62737
67389
68883 68882
64123
66165
60681
68027
66084
63757 63755
66192
60169
68718 68717
61987
69082
63369
62701
66405
62307
64490 64489
69092
60739
63490
63455 63454
66862
67683
68233
66368
67942
60499
69035 69034
67723
63331
63425
63086 63085
64014 64013
63942
65852
62405
63994
63562
60506 60505
67529
60975
66351
65582
69526
65577
64755
62615 62614
63040
64698
60221
62937
60258
60623
63276 63275
64116
64233
68360 68357
68044
63602
64734 64731
67190
63743
63945
67384 67383
69235
69707
62523 62522
69830
66482
68760 68759
61384 61381
68699
63697
61958 61955
60515
60241
67309
62911
64125 64124
65252
68890 68889
61918
62753 62752
60599
67084
60459
69475 69471
67917
66809 66808
63202 63199
66286
64055 64052
69981 69978
67965
62569
64677
60112
62403
66815
65127
65596
61335
61033
64433
68372
67654
67763
67883 67882
61444
61281 61280
67887 67886
67160 67159
61805
67178
62079
68294
60369 60368
67463
66539
64347 64346
65802
69734
69425 69424
62626
64429
60527
62770
66397 66396
66967
63660 63659
69449 69448
66765
64288
61250 61247
62078 62077
64006
66389
64177
68264
64018
61651
62651
68142
65158
64769
67087
62898
65036 65034
65714
65199 65198
69745
64825 64823
69757 69756
67944
65100
60128
66134
69976 69975
65112
64076
63954 63952
65678 65677
69878
63190 63189
67051
65263
68254
67305
61663 61662
65545
63497 63495
61895
69044
62788
65863
63893
67166
62276
65803
68036
69117
68080
63365 63364
61569
69588 69585
64082 64081
69909
69634
65394
61153 61152
65197
63066
61382
61367
61157
61860 61859
69861 69860
63036 63034
60141
62298
60966
66848
62286
68666
61747
61363
65105
67476
62826
62414 62412
63187
62731
68497
64670
65082 65081
64307
64749 64748
67994
67035
65790
62159
65501
68255 68253
69192
60279
65176
68059 68058
67240
65910 65909
62889
65921 65920
69370 69368
65306
69618
65101 65097
62005 62004
63900
66961
69197
69876
69458
69613 69611
61082
64354 64353
67233
62769
63356
65970 65967
65142
63404 63402
67573
66221
65488
64503 64502
64715 64712
64955
69110
67773
60135
65228
67601 67599
66355
65608 65607
67675 67674
61171
65987
62234 62233
67866
60108
69678 69677
63489 63488
67897
63674
64213
66156
65657
68377
60516 60513
62702
69333 69332
69262
68725
64612 64610
69206
68512
64593
69642
68464
62008
61026
61549 61548
62761 62760
67701
63931 63930
67001
61737 61736
63387
62010 62009
62824
67284
61786
60474
60545
60076
64596
60114
66826
64224
68195
68964
66219 66218
69059 69057
64817 64816
60075
62554
63573
62160
67227 67223
62498
63765 63764
68533
63453 63451
69099
60994
61579
69156
63779 63778
69646
68998 68997
68190
67134
61368
68778
68468
60931 60930
69657
62654 62652
67600
65253
63192 63191
60083
66643 66641
63786
63596
67673 67671
62981 62980
60872
66169 66168
66468
67596
62062
64107
61209
61559
65642
66388
65095
65584
61254
61357
63068
69930
65590
63782
67649
66214
64332 64331
65363
65153 65150
60641
69272 69271
69261 69260
66942
65077
60333 60331
67501
65087 65086
69476
60082
69625
65908
61709
64069 64068
68885
64983 64982
60179
62874
65988 65986
69132
66398
60154
60917 60915
69522
69898
67071 67070
62727
61448
65357
60136 60134
67574
67973
65762
61868
63788
60106
61658 61657
68535
64937 64933
66638 66637
68003
61191
62089 62088
69093 69089
67803
66764 66759
63617
65830
65619
65311
68030 68029
60197
68834
61049
66754
65941 65940
65694 65693
65964 65963
63732
66503
59999
69792
60089 60088
60771
69537
67808 67807
61793
69519 69518
65668
62774
61290
69589
61670
68320
61056
61272
64465
68334
68983 68982
63944
63466
67359
65791
66008
61485
67567 67565
62555 62553
66240 66237
67505
61765
66819
66709
66235
68914 68913
62807
67468
64382
65054
68019 68017
62502
61871
69875
67417 67414
66493
67060
60396 60395
69704
60560 60559
61926 61925
68238
67916 67915
67191
61521
64174
60528
64370 64369
64963
62849
65834
67980
63839 63837
69000 68999
64856 64855
66957 66955
63259
67972
66687
60901
67703 67702
64574 64573
61032
64567
61556
64747 64745
68744
60906 60905
67642
63747
69104 69103
68228
62794 62793
64537
65942
68876 68875
64906 64905
64853
65172
68707
66116 66115
61325
68260 68258
66041
67982 67979
60476
65000
67004
67719
68849
65769 65766
66620
68551
62333
61507
67969
60536
61418 61417
68482
63789
60734
67811
60168
69445
62933
62371
66279
60161 60159
66908
65057
64413 64412
63696
62069
63551
66533
60344
68764 68761
67769
66547
65431
62991
65458
61602 61600
63641
65274
61846
65446 65445
65295
64178
66581
60601
62570
66903 66901
69612
66873 66872
69461
69280 69279
66608
60497
69226
69389
66343
67089
66605
61620
69237 69236
62841
67787
67512
68892 68891
63025
69032
69806
60852
65129
66763
66377 66376
60411
62003
66506
60058
62499
69437
67834
68028
60298
65531
69666 69665
69764
63461
69732 69730
68755
69781
60618
61440
69820 69819
67761
65098
62322
61849
61230
63154 63152
62717 62716
61416
60407
62973
68240
60556
67167 67163
66702 66701
65345 65344
66728 66727
62524
62515 62514
61913 61912
67108
62132
64936
64092
63155
69494
64291
63904
61445
64577
63713
62819
66769
64499
67176
67585 67583
69831
63304 63303
65151
60539 60538
61111 61110
63591
65848
68481
68496
62424
60257
69068
61803
69918
67196 67194
62818 62817
60354 60353
61637
61257 61256
67721
67275
69136 69133
61522
60576
66931
65174
66609 66607
62355
65457
64236
68227 68225
61758
61795
69795
66793 66792
69965
68990
63175 63174
68853
63051
61551 61550
66562
67394
61487 61486
61172
62704 62703
69583
60264
64435
61741
62833
64972
68738 68736
65419
66846
62246
63784
67749 67747
65539
67207
61164
67540
67230
63985 63981
61790
61576
63334
63902
60540
65936
65800
63350 63349
66924
61318
65881
66797
68484
63232
66653
69190
69208
66740
64426
64696 64694
69925
66181
69259
63000
69101
61053 61052
63096
60480
69049
65782
62201
62816
61181
68295
61238
68848 68846
65387
65454 65453
66807 66805
67330
61893
66549
69106
63705
65702
65551
64130 64129
65546
63323 63322
66239
67856
60199
69556
63568
61785
67074 67073
63005
64633
67584
62021
62532
63248
68156
62209
67534
65543
63260
64665 64664
69231
60507
60490
61676
65548
61090
62977
63376
60102
63737
61881
64630
63649
60594
62070 62068
62156
68248
67690
64999
63998
65059
64704
61488
66499
64780 64779
63638 63637
64180 64179
61826
65960
63312
66246
66568
63253 63252
63210 63209
69421 69420
64242
62469
60929 60928
64206
69088
69174
67685
63306 63305
69498 69496
67960
69541
65968
62504
60521
67016
68413 68412
66622
64713
68057
64439
67792 67790
64034
64805
65681
69113 69112
66982
60898
66206
63491
61468
68279
63223
61214
63429
67844
65235
66032
62830
63227
69097
64772
61701
63874
62708
64631
66977
65370
61259
69399 69398
66143
60897
68424
61277 61276
63741
68590 68589
61808
61336
59996
60726
64836 64834
61204 61203
69887
68001
67839
68824
66917
64539
64849
63895
60186
61857
62053
64675
60423
69959
65828
64655
62963
66640
64914 64913
65037
61749
63147 63146
63749
67550
60084
66934
69950
63011
65700
60951
65144
64219
64163
69913
69660
60630
66022
63738
69006
69415 69413
67616
65213 65211
68170 68168
60593 60592
65099
67335
62272
64877
60822
67351
68695
60504
65847
63277
61508
63557 63556
64138
63640
69296
63979
66633 66631
67611
68261
63594
63452
66058
68221
65083
65200
67930
65061
65035
65748
61361
67531
65058
66422
64241
60138
63773
69343 69342
66664
67377
65661 65660
67118
68615
63680 63679
64038 64036
60034
60410
68726 68722
66149
62065 62063
65567
61885
68800
68809
63675
65985
62220
65020
63891
61225 61224
66911 66910
66137
68339 68338
62026
62661
62948
67307 67304
69170
67225
65683
67226
67515
64989
60520
63285
67242
69115
65733
60403 60401
60947
66543
66905
61066
65125 65122
63267
65862
62547
61316
60830
61591
60491 60489
69179
60932
67058
69672
60595
65332
61362
69569
62317
64950
65166
61679
68773
60143 60142
67652
69946 69945
69233
68422
65183
69409
64957
63968
60687 60686
62976
69153
62610
65927
61115
61517
60837
68202 68200
66975
61564
65303
63840
60038
63004
60041
65149
65635
61012
68164
63722
61639
69916
65479
69419
67091
69360
69626
60350
63023
69064 69063
69381
65751
66019
68576
66001
69054
61031
68272
63226
68723
60819
60608
65930
64703
68873
68508
61491
69180
61652
61876
68847
61964
65102
60444
64217
60948
62145
64607
63200
68358
61644
63796
65232
67013
60649 60647
67124
69523
60453
64732
68753
65378
62186 62185
64839
69222
67156
67636
60835 60833
64810 64809
62612
67381
64487
66940 66938
67317 67316
67228
68581 68580
69129
69319 69318
68123
61305
66358
64021
60304
61791
64268
62997
62892
63041
63537
68161
61816
63875
67153
67873 67869
67845
64285
61854
66968
64210
64087
64110
68797
69776
64588
63692
60160
64368 64367
64960
69242
65756
67456
62636 62634
65015
62918
61285
60709
67962
65366
60553
60296
68418
69436
66267
62450
61369
65507 65505
65734
62037
68408
61348
62665
64578
64265
64882
66047
62871
63667
61071
66331
67672
67796
62396
60198
60910
68768 68767
64581
61268
64106
60120
65165
68024
64133 64132
68094 68093
67306
60925
62126
61724
68259
69773
60823
67231
67857
63153
61991
60359
60991
62470
67171
69387
66015
69632
66677
68242
60557
63599
61580
66634
62657
66411
62327
60021 60020
69731
66262
64485
65375
68226
61655
64535
62969
64162
68971
62259
67562
60478
66951
65046
60958
64293
61535
64446
60227
66478
69404 69403
62035
63386
66000
63067
62913
60427
63606
69813
68811 68808
64771
65937
62404
62905
61804
62027
69283 69282
64922
64926
61219
67847
65404
66656
64737
61017
60570
65680
61952
63956
66312
62271
68312
60381
68213
63924
61924
65002 65001
69742
60810
63890 63889
69299
68831
61825
69966
68274
61428 61427
60293
64035
67922
63084 63083
64473
65257 65256
62119
61628
65982
69790
61216 61213
66366
67169
60313 60312
66642
62111
66190
64860
67246
64405
68140
65569
67354
67710
62189
61615
62151
68655
67021
67693
64751
63018
64083
64785
65283
64693
68098
67768
64097
67420
66247
65691
68448
66052
63822
60024
63731 63730
62629
66883
67488
67609
61217
66725
69722
69295
62032
62254
68388
67057
60073
63823
66864
69121
60190
62622
63224
67806 67805
60791
63982
66735
60977
64764
68048
65137
63487
61489
62200
64966
68072
69365
63392
62533
63072 63071
67950
63512
64541
66258
64229
66693
67349
62249
66467
68349
67137
62393
67177
60600
62168 62167
60033
64837
67425
69850
63915
68201
64220
62292
63899
65616
66530
67908
63877
63063 63061
61650
65890
62368
67872
68292
64037
67467
64161
65267
64733
67819
60040
67096
65307
65768
64688
60370
69175
60565
65146
69889
62390
63519
68539
61817
66164
61649
64453
67620
68321
61589
62083
66090
68950
65799
62859
69529
64768
63015
68488
68796
63658
65323
64256
69922
65928
62996
63771
63976
60916
65236
61470 61469
64065
69223
64993
60544
68460 68459
61415
66794
63069 63065
60032
69739
64182
63374 63373
67147
67940
60028
69198
61016
63927
64756
61573
62613
62756
61614 61613
67186
61839
60980
64254
64360
64949
60607
62163
65973
61929
65999
60151
62535
66148
63744
67110
61022
62369
62972 62971
64758
64390
68455
68893
64436
68189
67912
66869
69224
66639
64828
65825 65821
64033
68392 68391
61708
60721
63459 63458
69822
68823
62632
61933
67341
69474
61717
61984
63144
68714
64401
61547
64350
67450
65855
62282
68916
64981 64980
62712
67367
68686
61761
60277
60496
65571
68149
60878
68818
62519
61393
69746
68308
60308
64504
66973
65382
64171
68979 68978
64538
64714
62444
67235
64994
64683
62081
63525
65444
61390
64841 64838
67696
67418
64051
66891
60205
64417
63324
62672
67816
69391
61824
62378
68763
67931
68692
62480
66685
66492
67300
68754
61037
65141
67179
65771
63650
62885
62205
69713
67474
60803
63635
66107
62299
63526 63524
63148
64181
69084
65470
62275
68316
61820
66806
66104
63910
65950
65573
64223
69980
60743
60363
67871
63810
60995
61215
61065
62320
69880
63340
61819
65336
60605
65953
60579
67551
66216
63830
66292
60629
68758
69443
64918
66781
64272
69433
64863
69411
64807
69567
68351
64742
62621
67981
64514
61412 61409
66998
64912
69105
66296
69350
66161
64569
68631
62852
64047
60255
66761
64984
63344
60815
65117
66100
62241
67952
63038
65243
69130
67519
66490
63726
68813
62759
63751
62064
68567 68566
66681
62928
62354
63362
69553
63941
60953
68994
61754
65784
69067
63567
64709
64934
61951
64501
66810
68467
63623
61810
69046
65712
62096
68465
66669
68977
65914
63748
69934
65131
61383
61165
65429
68193
60631
68912
63485
62719
61326
61388
64657
63280
68992
69058
65302
66105
67832
62589
68833
67850
65418
63772
69076
60786
67210 67209
69547
67067
64692
64549
69573
66299
67911
60518
67301
62813
63709
68020
66986
61901
63758
64257
62741
68402
68859
61988
69590
60010
69694
65350
68555
68780
65271
66259
69324
69134
60844
66627
68938
68452
65152
69062
62964
67669
68751
61888
60042
65124
64314
61834
69484
68595
67607
64032
66489
64209
63046
69607
68521
62768
60465
61038
64442
64824
59998
61353
60787
69367
68359
61907
61299
62428
65583
66632
69824
66082
65994
61302
65497
64282
66861
60054
60720
62348
65902
63077
65365
62579
65433
64189
63370
60688
66088
64798
65544
68401
62388
62877
63389
69164
62266
60763
66300
60684
69561
60352
68902
61199
64480
66476
65557
62772
61971
65629
60376
68196
67560
69674
66505
64791
68429
66335
69390
61457
62217
62158
66193
66618
69493
60731
69664
64674
69935
65007
66916
67136
64967
66789
60604
62043
68597
67907
67101
62153
65261
68711
64167
68716
66766
68074
66078
61831
67416
66747
62784
68400
63035
63197
64245
63081
67559
66930
66044
69723
67329
61856
68585
67345
69157
68888
68301
62764
64935
67480
66711
60834
65853
60454
64475
61732
65471
66427
68199
66176
69011
63443
62947
68684
65459
62030
63215
65711
66983
65526
68109
63833
67318
66576
61511
67827
65111
64924
68573
65478
63735
63632
64463
63826
61221
67923
69696
62413
63838
65169
69844
66121
60914
63062
60717
61956
63390
67376
63104
65209
67821
60009
64699
64794
69090
66624
69842
69614
67503
62881
60441
68015
69085
68679
66245
60756
69253
62571
67281
67049
65408
69417
63347
63566
69310
63056
68617
67288
67707
67279
68092
68039
65901
62750
63588
68810
66263
68749
60361
63991
64519
65426
61966
67009
66444
63417
63028
66469
60854
68172
67791
63351
65886
66668
61711
61802
69743
62865
61997
67495
64634
63064
65589
68951
68949
61400
61273
66332
62463
62518
67472
66601
65469
61661
68927
62767
66340
66012
67555
68023
68541
61124
67714
69702
67222
68884
64351
69270
60955
66724
67434
60985
64015
63620
64835
61677
68651
62118
66612
69973
62161
67291
62407
63110
66352
68361
68924
69290
69428
69587
