6654
49996 49995
53593 53591
52079 52078
57076 57075
51055 51049
53042 53041
57387 57385
59972 59971
56208 56206
54669 54668
58683 58680
55851 55850
55367 55366
54747 54746
50588 50586
50078 50077
52911 52910
51112 51109
58296 58295
53120 53119
56273 56272
53071 53070
55106 55105
54382 54381
52798 52797
58321 58320
52092 52091
57744 57743
52370 52368
53786 53785
52916 52915
53614 53613
50830 50829
59587 59586
51893 51891
55009 55008
56036 56033
57834 57833
50378 50377
59375 59374
50315 50313
57679 57676
53151 53150
58067 58065
58853 58852
51475 51473
55814 55810
51868 51867
53555 53552
55206 55205
54705 54704
58514 58513
54640 54638
57806 57805
55916 55915
51011 51010
56894 56893
51726 51725
55804 55803
51859 51858
55506 55505
58387 58386
50613 50612
54212 54211
52519 52516
52899 52898
52664 52663
50258 50257
57469 57468
50308 50307
50567 50565
59937 59936
59629 59628
50657 50656
53685 53684
52618 52617
53394 53393
53352 53351
50237 50233
53076 53075
50074 50073
57780 57779
51105 51104
59261 59260
57617 57616
57661 57660
54085 54084
52159 52157
55772 55771
59627 59625
58505 58504
57689 57686
56388 56385
54749 54748
54966 54965
58778 58773
57148 57147
50539 50537
54396 54393
53621 53620
52977 52975
51818 51817
56296 56295
55183 55182
52998 52997
50686 50685
51197 51195
54099 54098
57870 57868
53601 53599
52781 52779
52747 52744
52866 52865
57608 57607
52841 52840
54327 54326
50991 50989
51686 51685
51313 51309
54814 54813
57485 57483
53245 53243
54743 54741
54533 54532
53872 53871
57647 57645
59614 59612
52437 52434
58586 58585
56040 56038
59493 59491
58649 58648
57958 57957
52367 52366
56967 56963
53437 53436
56344 56341
56799 56797
53687 53686
52128 52127
59346 59344
57271 57270
56866 56865
51823 51822
59994 59992
57078 57077
52770 52769
56534 56533
50358 50357
54307 54305
50169 50168
52936 52935
53777 53775
53330 53329
54479 54478
51095 51091
52338 52337
55876 55875
50682 50679
53109 53108
57867 57865
54765 54764
58660 58659
51846 51845
50623 50622
55235 55234
50977 50976
57003 57002
53617 53616
51477 51476
55697 55695
50529 50528
54484 54483
58552 58551
58361 58360
59042 59039
52401 52400
55208 55207
54403 54401
52485 52483
51224 51222
50523 50519
56601 56599
52762 52760
51628 51627
58501 58500
50256 50254
55361 55359
56004 56000
53568 53567
59187 59185
54460 54455
59782 59780
57814 57813
59488 59487
57433 57431
54939 54937
55354 55353
53154 53153
50516 50514
57101 57100
54615 54614
59366 59365
51986 51985
51931 51929
52925 52924
53057 53056
55831 55830
52909 52906
50739 50738
55912 55910
50012 50011
58304 58303
52288 52287
53683 53682
56349 56348
52391 52390
53411 53409
57735 57733
58597 58595
51599 51598
52252 52251
59948 59947
54203 54202
59018 59017
50509 50505
57860 57859
50905 50904
59406 59405
53282 53281
56486 56485
51863 51860
58592 58591
59443 59442
56078 56077
54843 54842
57364 57363
53566 53565
53421 53420
57672 57671
54033 54032
58140 58139
50895 50894
54653 54652
59859 59858
59907 59903
56640 56639
55713 55712
59727 59726
59592 59591
52563 52562
51662 51661
53644 53642
55793 55792
58350 58349
53380 53377
51039 51038
57222 57221
55145 55143
55591 55590
51856 51855
52855 52854
55245 55244
53654 53652
58624 58623
51308 51307
57204 57203
57195 57194
59085 59082
54520 54519
50945 50944
52778 52777
55942 55940
55671 55667
58228 58227
50153 50148
59014 59013
54244 54243
51366 51364
57858 57856
58911 58910
52918 52917
51347 51345
58323 58322
56560 56558
57435 57434
52330 52329
57767 57766
54372 54370
55802 55800
56073 56072
55553 55552
51388 51387
51515 51514
59413 59412
54674 54672
55189 55187
56395 56394
50143 50142
51240 51239
50859 50858
53523 53521
54677 54675
57591 57590
59232 59231
56523 56522
50786 50785
56822 56820
54651 54650
52113 52111
50140 50137
59762 59761
56419 56418
59452 59450
52399 52398
57143 57138
55488 55487
59364 59361
57403 57401
52602 52601
54439 54435
51557 51555
55496 55495
58926 58925
51617 51616
54618 54616
57380 57379
51028 51027
51441 51439
56346 56345
55528 55526
59802 59800
50070 50069
56957 56956
56932 56931
58721 58720
56627 56626
57797 57796
59472 59471
52010 52009
52045 52043
50893 50892
57630 57626
51580 51579
57882 57880
54291 54290
51444 51442
58607 58606
59373 59372
55754 55753
50748 50742
50118 50116
52024 52023
58747 58744
50609 50607
57137 57136
59698 59695
55600 55599
51180 51179
54695 54694
56382 56381
51260 51255
51301 51299
54044 54042
52458 52455
55186 55185
51415 51412
56819 56818
55276 55274
50871 50869
55677 55676
58841 58839
56450 56448
58768 58767
57427 57424
59833 59832
56668 56667
53069 53068
53007 53006
53658 53657
53097 53096
56064 56063
50979 50978
55924 55922
54156 54155
57501 57500
53095 53094
58435 58434
53406 53405
59786 59785
54772 54771
57606 57605
55273 55271
53364 53363
58787 58786
57921 57920
56359 56358
52012 52011
52972 52971
56853 56852
52228 52226
54190 54189
59589 59588
50707 50706
51820 51819
56116 56114
56423 56422
57839 57835
57496 57494
59399 59398
56446 56445
51078 51077
59519 59518
50531 50530
55603 55602
51631 51629
57165 57164
50789 50787
53264 53263
51238 51237
53444 53442
56146 56145
58988 58986
59767 59765
56470 56469
52729 52728
54002 54001
56203 56202
58205 58204
52308 52307
56053 56052
56922 56920
54508 54506
51344 51342
51232 51230
50835 50833
59311 59309
53105 53104
51252 51251
55619 55617
52259 52258
51776 51774
59848 59846
51135 51133
55390 55386
57515 57513
53203 53202
58894 58892
58957 58956
59228 59227
56510 56509
57913 57912
53340 53339
53254 53252
50723 50721
54796 54795
54173 54172
56438 56437
51083 51081
57855 57854
59140 59139
56623 56622
54056 54055
50525 50524
50661 50660
52236 52232
58256 58254
52809 52808
57904 57903
50030 50027
55282 55279
50583 50582
55809 55806
50886 50884
50628 50627
56476 56475
55870 55869
57186 57185
51979 51978
54571 54569
52547 52544
54538 54536
55398 55396
50487 50486
52163 52160
52481 52479
54804 54803
53221 53218
58946 58945
57587 57583
53479 53478
52933 52932
53067 53064
57212 57211
53463 53462
58877 58873
52247 52246
56674 56671
54526 54522
56399 56398
53987 53984
57458 57456
57492 57491
59108 59107
59078 59076
53316 53314
56761 56760
51660 51657
53656 53655
50041 50040
58796 58795
50911 50910
53451 53448
53573 53572
56336 56335
57556 57555
55717 55716
56806 56804
50917 50916
55470 55469
50056 50053
52495 52493
50618 50617
58253 58252
53722 53720
52528 52527
50712 50711
51921
55531 55530
56404 56402
50095 50094
54431 54429
52953 52952
54325 54323
57169 57168
59620 59619
55598 55597
54289 54287
54877 54876
51264 51262
52130 52129
52364 52363
54920 54919
56144 56143
51007 51006
53051 53050
57802 57801
52567 52566
51539 51538
55039 55038
57074 57071
58219 58218
52914 52912
51737 51733
58053 58051
54158 54157
56327 56326
55971 55970
51155 51153
58214 58211
52189 52188
50668 50666
51218 51217
50081 50080
54414 54412
55000 54998
56049 56048
55559 55558
50548 50547
55999 55996
51834 51833
54945 54942
54087 54086
55237 55236
58955 58952
55129 55128
57699 57698
53401 53397
56169 56168
56235 56232
51666 51665
57812 57811
57349 57348
57821 57819
59842 59840
52853 52852
56950 56949
56353 56352
57906 57905
58359 58356
58173 58170
50387 50385
54595 54594
52376 52375
51946 51945
53327 53326
54229 54226
52038 52037
58967 58966
50714 50713
55278 55277
57760 57759
57844 57843
52974 52973
57378 57377
58402 58401
50340 50336
55193 55192
54976 54975
56643 56641
51420 51419
52410 52407
59772 59771
56541 56540
51842 51841
52776 52775
50897 50896
59117 59116
52203 52202
52028 52025
59070 59069
54405 54404
56661 56659
58110 58109
51782 51779
50778 50777
55204 55203
59173 59172
50173 50172
51234 51233
54247 54246
54901 54899
52715 52711
51132 51131
54000 53998
55089 55088
59380 59376
55638 55632
55621 55620
56737 56735
54293 54292
56494 56493
52849 52848
52591 52590
51968 51966
52021 52020
51370 51368
55346 55344
56441 56440
55261 55260
59441 59440
51573 51570
51918 51917
57565 57564
54453 54452
54871 54868
50793 50792
55663 55662
58169 58168
59439 59436
59259 59256
59633 59632
53338 53337
55406 55405
55357 55356
52757 52756
52476 52473
54896 54895
55464 55463
51948 51947
59025 59024
58913 58912
50797 50795
55596 55593
57900 57898
53141 53140
51832 51831
51865 51864
57989 57988
59404 59403
57892 57891
53641 53639
55265
58614 58612
58658 58657
51585 51584
56131 56130
58485 58484
55253 55252
59987 59986
55468 55467
56652 56651
53805 53803
58056 58054
57406 57404
54222 54221
57413 57409
58948 58947
59482 59480
59788 59787
55524 55522
55116 55112
56537 56536
57163 57162
50800 50799
59827
52257 52256
52738 52736
50367 50365
53966 53965
52328 52325
51706 51705
56517 56515
57242 57241
50952 50950
59326 59324
51645 51644
53747 53745
58924 58923
56280 56279
57085 57084
55642 55641
52687 52686
59862 59861
54083 54082
55646 55645
52348 52347
57527 57526
53483 53482
53251 53250
58804 58803
50947 50946
58134 58133
51001 51000
55512 55511
50825 50822
55935 55932
57955 57954
54716 54714
56376 56375
59274 59272
51965 51962
53860 53859
55556 55555
55053 55051
57297 57295
58048 58046
50768 50766
53761 53758
54426 54425
51560 51558
52707 52706
57290 57289
51664 51663
53011 53008
52295 52294
56656 56655
55747 55746
56801 56800
53737 53736
52550 52549
53972 53971
54310 54309
57246 57245
55255 55254
57636 57632
53704 53702
59712 59710
51897 51896
50445 50444
58535 58533
53214 53212
58679 58678
53367 53365
57665 57664
53942 53940
59427 59426
56784 56782
52342 52341
50217 50216
55335 55334
55142 55140
54777 54776
57499 57497
51895 51894
55094 55092
57344 57343
56870 56869
54933 54932
57521 57520
52960 52959
58429 58428
50839 50836
58175 58174
51696 51695
59236 59235
57006 57004
52155 52154
52137 52135
56489 56488
55298 55294
50152
53168 53166
50220 50218
58687 58686
53005 53004
53320 53319
55328 55326
59681 59680
58808 58806
51518 51517
59608 59607
58363 58362
58516 58515
59895 59894
55323 55322
58234 58232
53563 53562
51914 51912
51182 51181
52639 52638
56803 56802
56112 56111
54838 54837
59051 59050
57568 57566
58837
50489 50488
54119 54118
58578 58576
55417 55416
57774 57773
50005 50004
53935 53934
56008 56006
56830 56829
53209 53205
56817 56815
59933 59929
52185 52184
56914 56913
54737 54736
56472 56471
50909 50908
55332 55331
56578 56577
56713 56711
59209 59207
50513 50511
58700 58699
56847 56846
58628 58625
57324 57323
54116 54115
50320 50319
55740 55737
51633 51632
52097 52096
54150 54149
50458 50457
54369 54368
50689 50687
52058 52057
58238 58237
51830 51829
54517 54516
51063 51062
58539 58538
58675 58672
53946 53943
55419 55418
50903 50902
55108 55107
54504 54502
58377 58376
51836 51835
53884 53883
51960 51959
58550 58549
57279 57276
53790 53789
53765 53763
58433 58432
52070 52068
52942 52941
52166 52165
51523 51522
57742 57739
57542 57541
54974 54972
59370 59369
54648 54647
54547 54546
57114 57113
53373 53371
50816 50815
54272 54270
53307 53306
58866 58864
56828 56823
54076 54074
59642 59641
53719 53717
59725 59724
54185 54184
55675 55674
50752 50750
59886 59885
56955 56954
56022 56020
50630 50629
52502 52498
56304 56303
58631
55834
56201 56198
56687 56686
54007 54005
51070 51069
59869 59866
56775 56769
51673 51670
55077 55076
57366 57365
55929 55926
59192 59191
52958 52957
52353 52352
51649 51648
59420 59418
59652 59649
54666 54665
53693 53691
50302 50301
55286 55285
50564 50563
54924 54923
53920 53919
55707 55706
57264 57260
50480 50479
58647 58646
55229 55225
54163 54162
59793 59791
57193 57190
54699 54698
52751 52750
54754 54753
52139 52138
54409 54408
54499 54498
57772 57768
55233 55232
58217 58216
50718 50717
54388 54387
52834 52833
51434 51433
54770 54769
57949 57948
56355 56354
54760 54759
52677 52676
55251 55250
50249 50248
51206 51205
58717 58716
57984 57983
52945 52943
57711 57707
55457 55456
54355
56857 56855
55627 55626
59514 59513
52322 52321
58610 58608
52031
50552 50551
51549 51548
50811 50809
51652 51651
50983 50982
56521 56518
54988 54986
57732 57730
55343 55341
54216 54215
55711 55710
57283 57282
55689 55686
57252 57251
59417 59414
55587 55586
52194 52193
56881 56880
55100 55099
59339 59337
56222 56220
57970 57969
59149 59148
54873 54872
58922 58920
58951 58949
59669 59667
52543 52542
57420 57419
52072 52071
59966 59965
54831 54827
51909 51908
53831 53829
50208 50205
57445 57444
55861 55860
52463 52462
57359 57358
57039 57038
54693 54691
51421
55833 55832
50306 50305
51202 51201
52720 52719
56290 56289
51974 51970
56014 56013
56654 56653
57670 57669
55542 55541
55102 55101
55783 55782
50955 50953
56962 56961
51768 51767
59924 59923
57540 57539
56312 56311
51349 51348
54541 54539
55293 55291
52497 52496
58759 58758
55699 55698
52741 52740
56167 56166
58207 58206
57060 57058
59915 59913
50663 50662
57347 57346
58269 58268
56838 56836
58980 58979
58126 58124
55446 55444
55198 55196
56251 56249
53079 53078
52887 52884
58824 58822
52907
53598 53597
54411 54410
54472 54471
52048 52046
58685 58684
59637 59636
54152 54151
52995 52993
57176 57174
59411 59410
51015 51014
50464 50462
58523 58521
56127 56125
57124
55156 55155
55571 55569
58697 58694
50213 50211
53343 53341
55321 55319
53842 53841
58158 58156
58851 58849
52115 52114
55219 55218
52001 52000
51889 51888
57614 57613
57694 57692
54993 54992
53586 53585
51954 51953
59358 59357
55945 55943
54101 54100
57998 57996
50635 50634
58883 58882
59640 59639
51601 51600
59113 59111
52883 52881
54031 54030
53318 53317
56663 56662
53548 53547
59176 59175
50924 50923
59857 59856
51354 51352
58197 58195
53892 53891
59284 59282
53145 53142
53974
52641 52640
53485 53484
54929 54928
59320 59319
55011 55010
50362 50361
54830
53336 53335
52105 52102
59928 59926
54148 54146
59969 59968
56417 56415
55460 55458
59723 59722
59005 58999
51498 51497
50913 50912
51117 51116
56693 56690
53923 53922
53837 53836
51287 51286
57897 57896
55450 55449
50328 50327
58191 58190
54624 54623
57752 57751
56164
58029 58027
50987 50986
56154 56153
50647 50645
57554 57553
56864 56861
54914 54913
57600 57599
53660 53659
58385 58383
53325 53323
56757 56755
55826 55822
51853
58340 58339
56401 56400
54111 54110
58881 58880
56710 56709
51462 51461
56089 56086
57037 57036
54568 54567
59836 59834
58469 58468
57575 57574
58559 58554
50376 50375
50921 50920
50020 50016
50704 50702
54867 54866
57352 57350
52199 52198
55919 55917
55551 55550
52133 52132
57452 57451
58887 58885
58943 58942
56572 56571
50731 50728
51716 51713
59205 59203
57681 57680
50335 50334
57367
56733 56732
56707 56706
58927
55125 55122
51604 51603
50765 50764
51130 51129
52683 52680
59569 59567
55576 55574
57794 57793
50098 50097
53037 53036
58520 58519
51060 51059
57021 57019
57758 57757
53113 53110
51816 51811
55304 55302
56715 56714
55443 55441
55413 55411
57963 57962
51390 51389
57314 57313
57268 57266
56977 56975
50970 50968
54821 54820
54912 54911
53334 53333
51535 51533
55855 55853
55360
50343 50342
53543 53540
59019
53526 53524
56231 56230
50999 50997
57508 57507
51797 51796
53446 53445
56598 56596
56340 56339
54997 54996
57125
56055 56054
59770 59769
58032 58031
50972 50971
58011 58010
53088 53086
54350 54349
58692 58690
51719 51717
53231 53230
59328 59327
51511 51510
57331 57330
52214 52212
50240 50238
53666
50596 50594
56666 56664
54995 54994
56172 56170
52815 52810
52453 52452
57229 57228
56508 56507
53989 53988
59559 59558
52466 52464
53270 53269
55408 55407
53280 53279
50223 50222
53124 53123
56868 56867
58335 58334
58379 58378
51876
54343 54341
53054 53053
50390 50388
53853 53852
59305 59304
53707 53706
51405 51404
53516 53515
51903 51900
59456 59455
59825 59823
51553 51552
53013 53012
52666 52665
54262 54261
51140 51139
54627 54625
56928 56927
50882 50881
51244 51243
57529 57528
50880 50879
54786 54785
57443 57442
53439 53438
58120 58119
54581 54579
56547 56546
59095 59094
54329 54328
51647 51646
59240 59239
55685 55683
57135 57133
57052 57051
51541 51540
59190 59189
58508 58506
50197 50195
59822 59821
52794 52793
59983 59981
54731 54730
58941 58938
50468 50465
56985 56982
53588 53587
59747 59746
59877 59875
50866 50865
59789
55510 55509
59089 59088
50603 50600
52403 52402
54903 54902
54513 54512
59049 59046
59009 59007
56592 56591
59348 59347
55195 55194
59271 59270
53159 53157
50039 50037
57326 57325
59753 59752
55501 55499
57641 57640
56942 56941
51854
51332
50888 50887
54865 54864
51871 51870
59433 59432
53129 53127
56151 56150
57153 57151
58128 58127
52492 52491
52894 52891
59718 59717
59889 59888
51005 51002
58814 58813
50691 50690
57523 57522
54611 54609
52905 52902
51193 51192
52759 52758
57384 57383
52304 52301
58543 58542
57943 57942
52300 52299
52807 52804
57376 57375
51577 51576
59957 59954
50443
53749 53748
59408 59407
59333 59331
53389 53388
56543 56542
53137 53136
57961
52992 52990
58395 58393
57218 57216
50907 50906
58181 58179
58905 58904
52969
50318 50317
50477 50476
51122 51121
52089 52088
50515
51977 51976
56261 56259
52735 52732
56039
59308 59306
53435 53432
50251 50250
57132 57131
51311
52811
55785
52575 52574
56889 56887
59975 59974
51612
58194 58192
52525 52523
51166 51164
52176 52175
57161 57160
50063 50062
56495
50643 50642
59990 59989
55149 55148
58100 58099
53501 53498
55969 55967
50061
51688 51687
58463
58834 58833
54950 54947
52275 52273
55191 55190
57785
51487
50130 50129
56253 56252
58077 58076
58050 58049
50561 50558
52722 52721
58724 58722
52019 52018
57853 57852
56682 56681
59286 59285
50406 50405
50380 50379
53514 53513
59516 59515
56875 56874
56271 56267
54535 54534
57917
52265 52264
53857 53856
51596 51595
54682 54681
55894 55893
59062 59061
53062
52648 52647
57482 57481
52800 52799
56056
53019 53018
53734 53733
58965 58964
55787 55786
54338 54337
54137 54132
59011 59010
55623 55622
51997 51996
54978 54977
50068 50064
57210 57207
55415 55414
54197 54196
51363 51360
58847
56952 56951
55606 55604
54257 54256
58243 58242
52962 52961
54068 54064
55750 55749
56378 56377
52036 52035
52218 52217
56650 56647
56459 56458
54465 54464
59021 59020
51691 51690
52433 52429
59661 59660
58132 58131
55839 55837
52989 52986
50626 50625
50262 50261
53461 53460
55625 55624
50149
51878 51877
56850
52420 52418
53457 53456
51468
51047 51046
51013 51012
58903 58902
56163 56161
54463 54462
59389 59388
56901
51172 51171
59664 59663
59075 59074
51983
53383
56329 56328
51451 51450
56898 56897
58331 58330
51221 51219
58919 58918
54251 54250
54061
50207
55708
50033 50031
50965 50964
59498 59497
57654 57652
54578 54576
53167
55284 55283
52540 52537
53578 53577
50001 50000
52510
50414 50413
55728 55727
54096 54095
53225 53224
58879 58878
57782 57781
51216 51215
51761 51760
51254 51253
54114 54112
51124 51123
52766 52765
51699 51698
54556
51755 51753
53473 53471
53772 53770
51944 51940
54145 54144
59720
53404 53402
56948
52859 52858
57423
58790 58788
58375
50694
57911 57910
56474 56473
55589 55588
59155 59153
53242 53239
58634 58629
50872
59509 59508
56833 56832
59459 59457
56183 56181
53379
57023 57022
51458 51457
56969 56968
55307 55306
51295
58677 58676
55473 55471
54356 54354
52589 52588
56066 56065
59248 59246
51103 51102
59422 59421
52145 52142
54583 54582
52372 52371
55673 55672
58123 58121
50619
53495 53494
56455
57179 57178
52784 52783
54561 54560
51635 51634
55735 55734
51432 51430
55995 55993
59222 59221
58642 58640
59918 59916
59647 59646
55091 55090
58007 58006
51807 51806
51935 51934
55618
50633 50632
53531 53530
58548 58545
50356 50354
51118
57391
58288 58286
58329 58328
55609 55608
54825 54824
58482 58479
55790 55789
52764 52763
52249 52248
54091 54089
51884 51883
51120 51119
55648 55647
57552 57547
57982 57978
54304 54302
51840 51838
53488 53487
54242 54240
56911 56910
55131 55130
55309 55308
55348 55347
54891 54890
56443 56442
55410 55409
50160 50159
56633 56632
58279 58278
50072 50071
57973
58589 58588
58794 58793
50701 50699
53757 53756
52374 52373
50493 50491
54664 54657
51246 51245
57932 57930
57889 57887
54340 54339
51684 51683
53813 53812
51591 51588
50368
57718 57714
59476 59475
54107 54106
52636 52635
50655 50654
58341
50404 50403
55121 55120
58743 58740
59278 59277
58962
52931 52930
55075 55074
57738 57737
58439 58437
58472 58471
54679 54678
57929 57928
54726 54722
54300 54299
51310
58410
52796 52795
55249 55248
54752 54750
50270 50269
51053
50500 50499
55878 55877
53227 53226
57579 57578
58832
58705 58704
54982 54981
52737
55438 55437
59454 59453
52263 52261
59216 59213
51030 51029
54298 54297
51496 51495
51037 51035
57884 57883
56859 56858
55761
55842 55840
51048
51926 51924
51438 51437
51334 51331
56104
51351 51350
50533 50532
50423
51923 51922
52451 52450
57823 57822
56257 56256
57919 57918
55139 55138
57848 57847
54128 54126
59684 59682
52067 52065
55421 55420
51780
55432 55431
58467 58466
50891 50890
56282 56281
54894 54893
59797 59795
54180
59431 59430
53260 53259
54054 54053
55652 55651
53886 53885
53512 53510
59126 59125
52231
57140
58392 58390
50093 50090
53888 53887
50135 50133
50353 50352
53558 53556
57273 57272
58086 58084
51073 51072
57382 57381
56590 56589
52413 52411
54207 54204
55613 55612
57083
58261 58258
56821
52062 52061
54613 54612
58573 58572
53093 53091
57396 57395
54253 54252
53538 53536
53827
56607 56605
55778 55777
55537 55536
51805 51803
53107 53106
54641
59343 59342
52272 52270
58251 58250
54601 54600
55020 55015
53819 53817
55493 55492
58488 58486
55974 55973
51740 51739
59701
51089 51088
55705 55704
58733 58732
59307
51950 51949
52876 52875
58355 58353
56101 56100
51551 51550
54418 54417
50780
52968 52966
56258
58766 58765
50045 50042
59087 59086
56088
52673 52672
58338 58337
58991 58990
58893
56483 56481
51157 51156
56380 56379
56287
52034 52030
59738 59736
51569 51568
55268 55267
55904 55903
50210 50209
50518 50517
51026 51025
52489 52488
55301 55299
59964 59961
59635 59634
57477 57475
56908
55887 55885
58118 58116
51992 51991
56965
59749 59748
59702
56044 56043
58290 58289
54858 54855
57688
58451 58450
55263 55262
50646
52224
57281 57280
50471 50469
59585 59581
54970
54046
51296 51294
57408 57407
59618 59615
59103 59102
56699 56696
50125 50123
55889 55888
51955
56665
59132 59130
50676 50675
52095 52094
50868 50867
54041 54040
55059
50151
52696 52695
52192 52190
56580 56579
55213 55211
52631 52630
59314
55658
50611 50610
52409
56751 56750
56093 56091
52651 52650
52594 52593
58900 58899
53633 53631
55988 55987
51408 51407
53201 53200
57604 57603
53299
53345 53344
58994 58993
52126 52125
58481
54957 54956
52378 52377
58935 58933
51526 51525
57015
50784 50783
57800 57798
59097 59096
50273 50271
56979 56978
53216 53215
52243 52241
52727 52726
52896
54078 54077
57702 57701
51565 51564
53781 53780
52238 52237
54407 54406
52608
50727 50724
59027 59026
51454 51452
54377 54374
59255 59254
53732
50162 50161
58974 58973
56085 56083
50590 50589
50239
51427 51425
53561 53560
53581 53579
55200 55199
57171 57170
56117
59466 59464
54606 54605
54319 54318
53194 53193
52140
50164 50163
52573 52572
50781 50779
50570
57215 57214
53315
53049 53048
57471
50111 50109
55062 55061
52927 52926
53681 53680
53735
58764 58763
51509 51508
57519 57518
58025 58023
50409 50407
52314 52313
53608 53606
58022 58016
52802 52801
58464 58461
55921 55920
55978 55976
56196
51418 51417
58856 58854
58671 58669
59754
52642
57786 57784
55480 55478
57925 57924
54004 54003
58891 58888
58354
55980 55979
57818 57817
59167 59166
55723 55722
54443 54442
50289 50288
58531 58529
54852 54851
51365
55477 55475
55318 55317
56185 56184
54080 54079
55212
56266 56263
51813
50693 50692
55829 55827
56860
50374 50373
57589 57588
50878 50874
51175 51174
54019 54016
58325 58324
52131
56331 56330
55578 55577
56749 56748
51272 51271
56672
51773
51642 51638
58310 58308
57181 57180
51614 51613
52427 52426
58473
56610 56608
57146 57145
57206 57205
58827 58826
51886 51885
56583
53927 53926
52060 52059
54597 54596
50729
50360 50359
57611 57609
57545 57543
54384 54383
53815 53814
57923
57288 57287
50496 50495
55892 55891
52312 52311
56193 56192
57202 57201
58189 58188
52660 52659
56264
52267 52266
58769
57177
52754 52753
57842 57840
54511 54510
55097
55054
55392 55391
53868 53867
57704
51276
52227
59323 59322
58738 58737
55657 55656
54201
55312 55311
55520 55519
51043 51042
53809 53808
56790 56789
54013 54012
55111 55110
56182
53880 53875
59092 59090
55736
53029 53028
54430
51080 51079
57173 57172
50527 50526
50949 50948
56616 56615
51964
50774 50772
51731
55048
53816
53198 53196
51303 51302
52082 52081
58081 58080
54489 54485
51270 51268
58307 58306
51781
55691 55690
56351 56350
55378 55374
55257 55256
59158
55960 55959
58528 58527
53882 53881
56165
58725
53035 53034
58950
51987
59124 59121
51330 51325
53907 53904
53997 53995
59003
50926 50925
50851 50850
58756 58755
53185 53184
57881
51669 51667
51041 51040
56905 56903
53863 53862
50412 50411
51429
55382 55381
54854 54853
58163 58162
52836 52835
51618
51682
59391 59390
56776
52622
51188 51187
50421
53162 53160
54161 54159
59679 59677
55176 55174
54209
57244 57243
54322 54321
56496
56555
51675 51674
53476
55818 55817
50427 50424
53322 53321
53746
58343 58342
55372 55371
51207
53754 53753
53249 53248
54882 54880
57234 57232
50484 50482
58798
54564 54562
56843 56842
59551 59550
57748 57747
54127
55880 55879
55154 55152
56069 56067
56306
53976
57971
56559
51090
58111
54850 54849
50569 50568
58138 58137
56532
59602
51790 51787
53975 53973
50508
51748 51746
52362 52361
50187
53535 53533
56432 56430
54035 54034
54909
57472 57470
58707 58706
50475 50472
53182 53181
58712
55068 55067
51730 51729
55525
57092 57090
51521 51519
51147 51145
52053
51032
57142
51795 51794
50430 50428
54236 54235
53447
58456 58455
59151 59150
52183
59356 59355
58582 58581
52862 52861
53529
54335 54333
52279 52277
50941 50940
54047 54045
52830
53678 53677
58656 58655
50771 50769
50456 50455
57693
51149
50817
51701 51700
50579 50578
59818
59764 59763
52923 52922
57517 57516
56176 56175
52885
57333 57332
56766 56765
55462 55461
53889
54836 54835
52386 52384
59035 59033
53047 53046
57769
51772 51769
55060 55057
57947 57945
53332 53331
50441
51799 51798
51849 51847
53467 53466
57977
59606 59604
56794 56793
50326 50325
52417 52415
59657 59655
57262
54231 54230
55961
51280
51068 51066
53189 53186
53528 53527
51470 51467
58408 58405
55958 55955
56902 56899
54545 54542
55466 55465
59548 59547
51290 51288
54385
59865
59449 59447
51016
55484
57200 57199
50700
58215
54724
51203
53130
54991 54989
57062 57061
50974 50973
53090 53089
53818
59144 59143
51710
52724
53728 53726
59429 59428
50188 50186
54841 54840
52577
56527 56525
53667 53664
59138 59137
59463 59462
52791
58972 58969
59060 59059
53303 53301
58719 58718
55224
50599 50598
59573 59571
54220 54218
53490 53489
59980 59977
51448 51447
54436
56499 56497
54470 54468
51575 51574
50751
51391
53246
56712
55342
57907
54745 54744
52851
56904
54809 54808
51672
54775 54774
55455 55454
58645 58644
50616 50615
52425 52421
50006
53874 53873
58088 58087
59686 59685
54109 54108
50576
50079
56704
53408 53407
51138 51136
57035 57033
53662
58422 58419
50276 50275
53161
59291
51766 51764
52262
55836 55835
58583
50448 50447
52674
59884 59882
51530 51527
57305 57303
55745 55742
53956 53954
56552 56550
57227 57226
57159
57533 57531
51656
51446
52327
55166
55007 55005
56462 56461
56831
53937 53936
52359
59675 59674
57765 57764
56645 56644
53519 53518
54259 54258
50392 50391
58264
52768 52767
59252 59250
50669
59101 59098
58460 58459
58096
59360 59359
52474
57064
53649 53646
54493 54492
56556 56554
51839
51114 51113
55217 55216
52520
51650
57400 57398
58143 58141
56756
50227
59904
50075
50171 50170
53596 53594
53915 53912
52839 52837
52792
57490 57489
59315 59312
57235
57705 57703
50931 50929
53399
56068
57055 57054
51278 51277
51994 51993
52134
54177
52355 52354
50147 50145
54593 54592
54139 54138
50684 50683
50115
58961 58960
57503 57502
59760 59759
52205 52204
58298 58297
59384
57478
59577
53403
59295
53219
51999 51998
55365
50381
57678
57675 57674
56324 56322
58265 58262
54117
51098
50506
51097 51096
52044
53441 53440
59838 59837
58370 58369
54048
58874
50253 50252
56740 56738
58746
54875
59325
54491 54490
55769 55768
59784 59783
50284 50278
52892
52303
55424 55423
53509 53508
52285 52281
50674
54125 54123
54710
57374 57372
58564 58562
54025
54773
56245
55380 55379
57968 57967
56042 56041
52669 52667
50110
55939 55938
50659 50658
58493 58492
57820
52705 52704
57087 57086
52336 52335
51394
55721 55718
54332 54330
58224
54015 54014
54684 54683
53844 53843
58009 58008
51125
54416 54415
55937
54269 54268
57017
55882 55881
59824
56989
52964 52963
50824
59828 59826
51023
56600
50697 50696
50504 50502
52628 52627
51736
56356
57370 57369
57351
55535 55534
56047 56046
56397 56396
56638 56637
56940 56939
58785 58784
58412
56796
56110 56109
50716 50715
56742
56814 56812
57356
59397 59396
56030 56029
59534
54141 54140
55052
51958 51956
50574 50573
58057
54199
50794
50791 50790
58102 58101
53247
52022
55177
58780 58779
50650 50648
50981 50980
59303
55660
53637
52789 52786
58231 58229
58611
58917 58915
55650 55649
53180 53176
55865 55864
51377 51376
53026
58417
58233
53663
50179 50178
55797 55794
50346 50345
54826
54276
57597 57596
59659 59658
53848 53846
52649
56115
51324 51323
51018 51017
59415
51937 51936
57510
56028 56026
59377
51199 51198
59906
50522
54342
51490
51022 51021
58090 58089
59446
58652 58650
59841
55679 55678
52571 52569
53715
57069 57068
56529 56528
59598 59595
58178 58177
53362
59099
50166
54709 54708
56724 56720
53223 53222
58424 58423
55126
51402 51401
55210 55209
53903 53895
54807 54805
54380 54378
59461
53866
58389 58388
56878 56876
59540 59537
57804 57803
54629
54238
58038 58035
58930
50572 50571
59960 59958
56060 56059
59310
51810
57335 57334
59920
59946 59945
56250
56786 56785
58282 58281
56120
53671
56582
55083 55081
50199
52873 52872
58561 58560
55523
53220
55811
57405
54559 54558
52101 52099
50753
52358
52611 52610
58792 58791
59162
50581 50580
50026 50025
52255 52254
56051 56050
52634 52633
57909 57908
58142
57464
52171 52169
59984
59967
55448 55447
56180 56179
58045 58043
54686 54685
56921
56636 56635
59730 59728
58182
55975
52996
54962 54961
53055
52406 52404
57466 57463
55404 55402
52278
50935 50933
52671
53983 53982
59496
52512 52511
54324
56012
53716
56763 56762
59982
52393 52392
56726 56725
52216 52215
52831
55239 55238
56406 56405
54617
50044
50422 50419
53313 53311
56178 56177
55394 55393
51108 51106
54223
56778 56777
50709 50708
56338 56337
52530 52529
54598
59334
58996 58995
57953
58709 58708
51916 51915
57639 57637
59032 59031
58797
56076 56075
53360
50194 50193
54073
57008 57007
56854
56123
55363 55362
59963
52526
54671 54670
53911 53910
55063
57410
58447
51593
50024 50022
57013
55681
58736
54646 54644
58042
56974 56973
55568 55567
54286 54285
51594 51592
55968
57684 57682
56320 56316
51802
53156 53155
59554 59553
53610 53609
53689
59624 59623
59524 59523
53977
55664
51087
56629 56628
57697 57696
50928 50927
58037
53118 53117
55345
58351
55022
54029 54028
51562
54898 54897
53839 53838
54121
54905 54904
58579
52570
55900
56684
54165 54164
56265
56907 56906
58092 58091
54296 54294
53102 53098
57691 57690
59502 59501
57046
58715 58713
53031 53030
57721
59941 59940
57563 57561
52124 52120
59741
58277
56506 56505
54801 54800
52534 52533
55838
56631
50112
58478
51809 51808
52871
59500 59499
53622
56204
54234
56501
52806
51449
50802
52365
55445
59887
50470
59922 59921
52098
54390 54389
52286
56124 56122
57986 57985
50366
57224
52408
50416 50415
52179 52178
59830
50225 50224
57010
54636
52690 52689
52832
57622 57620
55157
57213
56944
54729
56504 56500
51209 51208
58210 58209
59683
52357 52356
57581
53994 53991
51359
52845 52844
55327
57099 57098
58518 58517
51989
50091
52710 52708
56994
50877
55072
50507
56809 56807
56539 56538
59004
57754 57753
55025
50631
51469
53238 53236
50156 50155
51326
55845 55843
55151 55150
57450 57449
59401
53554
50760 50754
59654 59653
53619 53618
59703 59700
59899 59897
53304
59944 59943
53033 53032
55043 55040
55953 55952
57656 57655
50939 50938
53759
55799 55798
50814
52162
50773
50639
57275 57274
58702 58701
53481 53480
52432
51747
52007 52006
50743
50232 50230
56373
52682
51340
56224 56223
59181 59177
52174 52173
55982 55981
58812 58809
51505 51503
59154
54931
57025 57024
54985 54984
53372
53131
56447
50593 50591
52940
52276
53604 53603
50034
54178 54176
57217
53624 53623
58670
58982 58981
59662
52093
54874
50015
57571
56278 56277
53571 53569
54245
57885
54788 54787
54758 54757
51545 51542
55760
56009
58313 58312
59136
59831 59829
50184 50183
53850
52448 52446
52743 52742
52064 52063
58963
56657
59950
59721 59719
50139
51723 51722
51492 51489
51680 51679
56930 56929
55573 55572
56603 56602
59161
54432
54023 54020
56788 56787
50009 50008
59451
51403
51933 51932
55295
59757 59755
58752 58751
59716
58630
51882 51880
50937 50936
52556 52555
56575 56573
57559 57557
50132 50131
58731 58728
55733 55732
57198 57197
54281 54279
56187 56186
59543 59541
58440
56731
52298 52296
53003 53000
50592
58186
50104
50834
55181 55179
53179
51941
57877 57876
54475 54473
59850 59849
55452
57107
50036 50035
53128
57357
53718
59930
56299 56297
59864 59863
58845 58844
52774 52773
56567 56566
52780
58977 58975
56516
56108 56106
55545 55544
57402
52269 52268
59535 59532
59345
52878 52877
50855
52320 52319
51300
56024
57512 57509
56118
58352
57317
54264 54263
51728 51727
52052 52050
51385 51384
52787
50520
50350
54954 54953
54799
51335
58199 58198
57864
58860 58858
53424 53423
55370 55369
55162 55161
59517
55202 55201
52587 52586
54497 54496
50730
52008
59809
56247
58159
57498
55385 55383
53551
57386
54367 54365
58275 58273
51745 51742
57082 57081
59030
58271 58270
55023 55021
57938
54819 54818
58848 58846
53233
57761
59202
52749 52748
57285 57284
53045 53044
53582
51890
52454
55483 55481
57980
58598
56157 56155
56347
55897
56594 56593
59594
49999 49998
58184 58183
53191 53190
57685
51537 51536
53878
59688 59687
52560
57158 57157
54363 54362
55104 55103
57846 57845
53961 53960
58114
52734
51828 51827
55303
59578 59575
57487 57486
52500
52826
54375
58477
50932
50134
51346
50782
56140
57091
55042
58165 58164
51361
59773
55763 55758
50535
55936
57788 57787
55874
51485
59056 59052
59696
56773
53929 53928
51907
55748
55858
56851
54922 54921
58470
50901 50900
57890
55849 55846
52317
53670 53669
54167 54166
56286 56283
52514 52513
50351 50349
56362 56361
52552
52994
57776
50621 50620
50268 50266
50998
54967
52424
52017
57119 57116
52908
57032 57031
50720 50719
55518 55514
50605
56468 56466
58039
52182
54649
59081 59079
57577 57576
54334
56997
52725 52723
53695 53694
51107
50107 50105
58241 58240
52965
59159
50241
58004
52472 52471
54361 54360
51943
53730 53729
52207
57895 57894
57447 57446
51507 51506
57440
51275 51273
59171
54782
55857 55856
56981 56980
59715
59898
55498 55497
56524
54980 54979
59281 59279
57130
51624
52014 52013
54239 54237
50058
53427 53425
50330
50993
50314
51898
59881 59880
58125
53267
53630 53628
55397
50234
54336
54313 54311
52334 52331
53918 53916
58507
56825
58093
59909 59908
58374 58372
51757
58620
58931 58928
53355
56772
56514 56513
53505
59985
59905
57658 57657
52656
59479 59477
50294 50293
54104
59104
59853 59851
53052
52494
50861 50860
55543
59045 59043
58444
56764
53855 53854
56827
54352 54351
51373 51372
57425
51981 51980
52442
56302
54071
57392
55113
57110
51004
52604 52603
57598
53970 53968
58028
54486
52955 52954
51076 51074
55095
56436 56434
55215 55214
50798
56708
58201
54973
52318
58906
50813 50812
55491 55489
50127 50126
54530 54528
52108
53981
54193 54192
52662 52661
57225 57223
58870 58869
59015
50092
57184 57183
57048 57047
53793 53791
52568
50212
57863
55731 55730
56246 56242
59474
52938
54093 54092
57763 57762
55231 55230
50167 50165
52121
51643
50057
53611
56995
51375 51374
59263
59276 59275
59583
59424
54129
59387 59386
51547 51546
53507 53504
50640
50023
55500
59566
57872 57871
53347
50154
53999
55144
50435 50433
57301 57300
53328
55316 55314
52245 52244
50136
50827 50826
52517
54658
57192
50434
59603 59601
51658
52389 52388
58003 58001
57059
59673
58400 58398
57321 57320
59808
50014 50013
55324
51902
58075
58187 58185
53980
59008
50322 50321
53830
59073 59071
52069
50885
53009
57257
53941
52440
56562 56561
53133
57318 57316
59215
50602
58914
58673
53195
54721 54717
59562 59561
54027 54026
59844 59843
54509
56680 56679
51067
59878
52369
59605
55994
58167 58166
52172
51398
50651
53828 53824
50049
52225 52223
51094
58547
52195
52679 52678
54655 54654
52213
54869
56816
58541 58540
50453
57952 57950
55965 55962
53879
58319
56383
52788
59409
55867 55866
54072 54069
56368 56367
56862
55479
54763
50541 50540
54951
53795 53794
58221
52860
54938
55403
58987
57683
51248 51247
52457
56390 56389
52532 52531
56835 56834
58259
51200
51445
57000
59529 59525
58641
57595 57592
58280
54935 54934
52646 52645
55957
52889 52888
54604 54603
50281
53576
51051
56609
52436
53297 53296
57304
54228
50141
56729 56727
57354 57353
57044
55384
51639
50279
53431
51513 51512
51788
51052
55726 55724
58309
53963 53962
59988
55661 55659
51689
50200
50274
58266
58448
50848
54570
52383 52381
58230
51383 51379
52956
51465
55666 55665
50242
55914 55913
59953
54798 54797
50300
59810
52480
56159 56158
52703 52701
50744
53979 53978
52920 52919
59751 59750
55389
56217 56215
51602
56023
56435
59063
59495
59672 59670
59006
58886
55440 55439
55429 55428
52086 52085
56646
56587 56584
54554 54553
57899
57001 56998
57720 57719
56719
53769 53768
54591 54589
55532
53111
54622 54619
55581
54551 54550
58193
55474
57941 57939
52324 52323
52980 52979
52698
51732
50028
50259
51714
50601
52864 52863
58526 58525
57042
55288 55287
59574
50021
53271
50759
51961
59631
54347
53266 53265
52746
50177 50175
53199
53925 53924
59527
58267
58577
53740 53739
56549 56548
52333
51913
59134 59133
52913
57830 57827
56269
57394
55453 55451
55759
58875
50995 50992
56255
57362
50182 50181
55848
58427 58425
55300
51436 51435
57067 57065
51400
53832
54834
52752
59170 59168
52585
55400 55399
55227
50562
51250 51249
58512 58510
55985
57342 57341
52461 52459
51626 51623
56996 56993
59942
53291 53290
56074
57123 57122
57115
59711
52827
59321
58055
59465
54892
55098
50297
56811 56810
50757
50101
55071
58030
54434
55561
55807
56685 56683
55770
55355
57975 57974
58239
54812 54811
57298
53731
51851 51850
58431 58430
57634
53590 53589
58344
57156 57154
51267 51266
53312
58064 58063
52291
58117
54039 54036
56531 56530
52316 52315
58147 58146
55540 55538
52222 52221
52675
52110 52109
58098 58097
51952 51951
54643
52041 52040
56171
53724 53723
52654 52652
59110 59109
58605 58604
58546
50763 50762
54113
52164
50243
56565 56563
56896 56895
52625 52621
56425
54495 54494
51337 51336
54696
54634
56149 56147
58454 58453
53861
54927
55655 55653
59847
53229
50550
55564 55560
58884
50828
54183 54182
59610 59609
52606 52605
55928
50114 50113
50246 50244
52076 52075
56057
54692
58753
57875 57874
57261
55137
52208 52206
59395 59392
59666 59665
53990
58365 58364
53645
57638
56005
59301
51151 51150
51622 51619
57286
53015 53014
59233
53419
51196
51784 51783
58095 58094
54916 54915
52838
54573 54572
58336
57311 57306
58580
50010
56427
56511
59492
57631
50737 50735
59467
56205
59302 59298
53126 53125
58150 58148
52615 52613
52468 52467
55305
58236
52553 52551
57888
51101
58496 58494
53010
56759 56758
53952 53947
51168 51167
57399
53557
54845
56238
58714
50473
55986 55984
52870
58689
56660
51285 51281
56357
53742
57189
56479 56477
50394 50393
55459
52197 52196
53276
50235
53253
55049 55045
55927
50196
52074 52073
56032 56031
54175 54174
52161
53356
51875
57361 57360
57873
52632
50282
59234
52518
55616 55614
50587
49997
51881
53021 53020
51911 51910
59593
54588 54584
52201 52200
55854
54930
56983
53077
54267
51804
50436
57997
54507
54768 54766
50442
52230 52229
52712
54575 54574
50331 50329
50485
55014
54780 54779
55634
51678 51677
58283
54482
58085
50595
50823
52379
54925
50402 50399
52626
53164 53163
58059 58058
52233
53703
59876
57256 57255
53727
59939 59938
58745
52814
51984 51982
55435
56883 56882
51637 51636
54120
56226
59486 59485
58730
50292 50291
50120 50119
51734
52692 52691
50204 50203
50048 50046
52619
53835 53834
57741
57312
56034
52948
53065
54450
53550
53309 53308
53823 53822
56126
53085
52168 52167
50556 50554
59484 59483
56084
55696
54735 54732
53499
52508
55368
57649
59077
55425
51589
53821 53820
51170 51169
57706
51621
55160 55158
58602 58601
55562
54397
55476
55165
59935 59934
50017
56568
53413 53412
57233
55816 55815
54620
53486
52901 52900
54448
56886
50051 50050
56017
56426 56424
59816
51930
52503
59732 59731
55422
54701
52536 52535
55016
57931
52697
53967
56451
57103 57102
56315
52310
50553
51399
58632
54756 54755
51484
59351
58639
56018
50267
53206
52487 52486
54371
50863 50862
54469
53570
56301 56300
58749
58503
59932
55895
54444
59251
53197
55134
56429 56428
50474
54021
56849 56848
51227
59437
57250
50060 50059
51610
58872
50652
54143
57770
56243
58978
50803 50801
59297 59296
53082 53080
59870
54633
53701 53698
54010
55852
53099
51611 51609
56152
51608 51605
52100
58953
55796
55434 55433
58034 58033
56298
52435
54751
53354 53353
53629
59367
51572
52657
58041 58040
55549 55546
53240
53453
50344
52805
52220 52219
53626 53625
56200
50512
52346 52344
52039
54586
55719
55611 55610
50597
53792
59381
52158
53277 53275
57548
58681
57715
50671
56824
51184 51183
54075
57810 57809
51144 51143
52988
51738
58458 58457
55178
54181
52332
54420
55146
59258
52541
55141
58213
50577 50575
57080 57079
50420
56743
59512 59510
55388
57538 57537
52579
52522 52521
56393 56391
55997
56964
58318
52470 52469
52694
53474
57005
54413
54043
57430
52191
57278
59611
58636
54423 54422
52290 52289
55086 55085
55502
51770
51395 51392
57724
58662 58661
58452
56160
57736
54424
52825 52823
56992 56991
57016 57009
56718 56717
57966 57964
59023
52987
53796
55640 55639
59584
54477
51532 51531
51702
59910
50371 50369
58260
54817 54816
53714
57265
59165 59160
56937 56933
59157 59156
56002
56512
56412
55812
59713
56191
52999
51033
51226 51225
59902 59900
55781
59368
50083 50082
57960 57959
59289
51516
53584 53583
58774
52903
56096 56094
56420
59445
55963
52490
51491
52051
55028 55024
55093
59522 59520
51800
51583 51581
59613
51236 51235
59363
54105 54103
56863
54667
50741 50740
57462 57461
58666 58663
50180
53634
51554
56926
57700
55486
56080 56079
56612
50856
51969
54466
53712
56061
52501
50201 50198
51322 51321
53491
54135
50229 50226
59621
57728
55629 55628
55899
57755
51971
52394
54249 54248
57309
50439 50438
53374
58347 58345
59243
51988
54366
59596
50521
53178
57129 57126
59689
50437
51328
53274 53272
54689 54687
54524
59142 59141
51161 51160
58568
58000 57999
55715 55714
50066
57437 57436
58436
51563 51561
56319
53139 53138
55680
52578 52576
53416
59129
57050
53400
58317 58316
59058 59057
55041
58305
58222
54295
58970
57453
58800 58799
54645
58475
53539
53074 53073
57239 57238
58958
55886
55096
59576
56613 56611
56545
59820
52822 52819
55585 55582
53944
53357
55947
56781
51440
50557
51567 51566
58750 58748
53890
52005 52003
53897
50285
53285 53283
59469 59468
54740 54738
58776
57585
50705
55044
55169 55168
52818 52817
57893
59041
50221
50918
58575
54833
54421 54419
54794 54792
59080
53392 53391
54344
53289 53288
50538
59068 59066
57073
59036
54860 54859
52785
54006
57992
51928 51927
51668
58940
59300
53273
57582 57580
53396 53395
51471
51694 51693
56771
56705 56700
52507 52504
56254
51758 51756
51378
59169
53784
52444 52441
51778 51777
51220
56768 56767
52016 52015
55644 55643
56925 56923
52934
50304 50303
56972 56970
53415
51488 51486
58491
53366
54778
51750
50653
51274
52880 52879
51578
56792 56791
52600 52599
55029
53268
55003
57756
58069 58068
59379
54134
52282
53454 53452
55521
51228
58487
54587
59893 59891
52983
52739
50755
51263
51460 51459
54456
58617 58615
54566
54883
55633
50494
59354 59352
50853
59815 59807
53147 53146
51024
53865 53864
54889 54886
57731
58409
54781
50372
59489
50047
57111
52609 52607
53101
55056 55055
57771
52143
53017
50260
51269
50810
59927
55515
50185
50843
58426
56564
55427
56288
58144
58840
51258
51050
50838
50460
50002
59053
59253
53115 53114
56364
59705 59704
54094
56634
52112
51901
50667
56917
57460 57459
59925
54062 54060
58691
51771
55990
52439 52438
51327
50410
50930
52387
50245
58762 58761
58654 58653
57029 57028
56826
54317 54314
56520
53546
50688
56798
52731 52730
53564
59385 59382
51582
54169
51844 51843
51752
54454
56433
51185
56553
58136
53310
56959
59128 59127
57294 57291
58074 58071
52293 52292
52234
55338
55779
57667
56697
55340 55336
52982 52981
55180
57562
54707 54706
58291
51480
55297
58480
54227
55079
59708
58584
58105
52949 52946
50089
52653
57106
54936
56082
53063
57097 57096
54219
55755
54948
58476 58474
53294
57560
59212 59210
57799
54631 54630
52148 52147
50408
55046
58861
54160
56502
55548
53027 53025
54051
54346 54345
52944
59919
59955
52351 52350
59616
57712
59293
53959 53958
59622
55752
56551
56309 56308
55350 55349
59341
54637 54635
50967 50966
52629
55791
57651 57648
54762 54761
54839
58772 58771
59016
52582
57144
51848
52239
54171
50876
53917
59872 59871
51681
50649
54488
56892
56139 56138
53833
54639
57558
55948
58382 58381
59590
57869
51305 51304
50749
58499 58497
59644
57277
55828
55636
59645
53776
59164
51293
53390
53575
50219
54481 54480
59029 59028
51320 51319
51586
51045 51044
54210 54208
56891
59931
57612
52681
59218 59217
54949
58898 58897
56678
55290
53470
52624
56946
56618 56617
54275 54273
52309
56938
55080 55078
58079
58406
50722
56444
57995 57994
57643
53143
57484
57150 57149
59223
58367
51194
56465 56463
55693 55692
51920 51919
57411
54881
59564 59563
50076
56343
58524
52027
51397 51396
55401
52803
59504 59503
54359
57441 57438
55337
50202
50536 50534
54599
56374
50776 50775
50265 50263
58357
51413
55243
58984 58983
52118 52117
56745 56741
58838 58836
51887
56318
56142 56141
54131 54130
56544
55902 55896
56774
56453
55504 55503
53208
54713 54712
54500
52456
58734
58939
52280
55570
53493 53492
51826
57629
55034
53384 53382
54964 54963
59742 59739
51009 51008
56918 56915
57371
59350
58245
56519
56211 56210
57619 57618
50052
51003
51020 51019
53430 53428
53955
59084
56909
59835
58810
59425 59423
59226
56212
55751
56872
53559
59434
59617
53932 53931
59123
58005
53615
54451 54449
51721
50038
51084
54563
51100 51099
51906 51905
58490 58489
50845
55127
56873 56871
57750 57749
51751
52668
56365 56363
57187
55795
55944
50665 50664
59115 59114
57937 57936
58783 58781
54537
54052 54050
56879
53429
56011 56010
51152
57815
59100
50043
52306 52305
51869
50555
51852
55426
54608
50085 50084
53804
50808 50804
59794
50934
54557 54555
58449 58446
54066
52584 52580
57729 57727
58876
59318
58225 58223
59065
54515 54514
58249 58247
50584
58246 58244
52431
58802 58801
55017
58015 58014
53710 53708
55529
57851 57849
57368
51242
51676
52685 52684
59709 59707
58272
57644 57642
51792 51791
54857
57635
50608
59976
59565
53760
55901
53361 53358
55823
58959
50384 50383
50067
53992
59879
56284
51178 51177
56900
52382
59600 59599
59959
58563
59706
50606 50604
59242 59241
54659
58637
53174 53173
54024
55844
56092
55784
50870
53387 53386
51720
56990
53700
57838
52643
53840
53607
58407
51724
58108 58107
56237 56236
58154 58153
59737
53534
58971
50734 50732
50985 50984
52445
58627
59528
57089 57088
56293
59146 59145
52867
52499
58284
59198
57530
53292
51529
51257
58420
51655 51654
53134
56241 56240
55082
57777
54565
56588
54815
59735
50400
52283
59245 59244
55292
58073
54049
51520
53433
54331
50854 50852
55119 55117
55575
55925
51214
57916 57914
59744
56576
54879 54878
53800
53665
58047
52104
50678
51158
59890
59531 59530
58021
57628
50032
53788
51571
52187 52186
50088
56460
55824
51456 51455
58103
59855 59854
52340
58850
59336 59335
55743
58643
51212 51210
59570
53081
57418 57416
56214 56213
53187
54476
59038
53930
55566
55703 55702
53022
56333
59874 59873
56604
56292
53799 53798
51142 51141
59131
56260
56190 56189
53986
57422 57421
57011
51127 51126
56133 56132
59806 59805
58396
53084
54288
55482
54392
51416
52066
58855
54241
58727 58726
57480 57479
57902
50364 50363
55013 55012
55890
58696
52449
53787
53040 53038
53602
54168
53144
54918 54917
51824
51371
57428
56754 56752
58083 58082
55584
57175
56276 56274
50425
54823 54822
56730
55124
54847 54846
54357
53039
58916
54767
51410
51411 51409
58831 58830
57866
58161
54943
50733
58498
50401
55352 55351
54543
55032 55031
52524
58695
51362
53905
55026
57511
53324
57327
50255
50264
53232
58013 58012
59766
57310
50847
59201
58929
50638 50636
50214
59896
56987 56986
57196
50849 50846
57455 57454
52136
56095
58698
56770
53177
55270 55269
58380
54457
56606
51862
59745 59743
50007
55637
52080
53743 53741
50956
54090
56099 56097
53060 53059
57713
53278
55954
59264 59262
52539
51500
57426
58590
53690 53688
54214
52824
52055
59178
56728
59120 59118
52637
54102
57112 57109
52623
55133 55132
55684
54284
55001
55547
56384
57338 57337
50096
57990
51065 51064
53350
54373
58569 58567
57886
54391
51873 51872
55241 55240
54885 54884
59112
51711 51709
56669
52343
55934
59951 59949
59283
54952
50746
57389 57388
55517
57093
54271
51341 51339
59340
51775
52271
59188
51186
50311 50310
56454
57027
52026
59225 59224
59694
59268 59265
50432
53417 53414
57072
57473
57293
58823
56219 56218
51154
54660
55242
55136
51620
55115
52816
54136
59402 59400
51718
58391
53302
51857
50452
50191
50962 50961
59292
58348
52515
59542
50299 50298
56413
58235
51423
59781
53647
51874
51241
51082
51312
55114
52274
54400 54399
58968
54022
54009 54008
55992 55991
51092
57792 57789
53580
54017
55701 55700
55930
51504
54187
53899
55775
55670
58817 58815
51659
51499
53211 53210
51382
59152
58502
54969 54968
55320
57141
56136
58036
55066 55065
52419
59194
53696
58998 58997
51812
58621
53600
51942
59597
57659
57940
59419
51544
51137
57532
51075
50805
52150 52149
51329
53679
54213
54280
58992
51759
58208
53241
54999
52380
51316
50820 50819
53376
55002
53149 53148
51054
59651
57066
51640
53627
58135
53713 53711
50818
58346
54527
52820
52153 52152
54697
53653
58413 58411
53517
51704
51789
51743
56129
51338
53502
53262 53261
50922
57710
59626
55030
51256
54628
51261
51653
52122
55820 55819
51615
57837
58078
54195 54194
51479
56648
54621
54441 54440
58816
58152 58151
54910
58553
54662
53043
57726 57725
50272
52714
52253
59220
59349
58622 58619
53957
54320
53825
57248 57247
56105 56102
52460
51431
55725
56233
52047
57534
58859
51058 51056
50386
52210
58315 58314
56673
58017
53909 53908
59037
57549
51223
58638
51793
55050
50396 50395
54501
56480
59991
56045
56392
57544
50745
51692
51086 51085
55064
55259 55258
59195
53204
59093
59330 59329
52874
57020
59383
58416 58414
53914
59147
52416
53870 53869
59247
59054
59294 59288
52761
50975
57915
55275
55266
56307 56305
59444
57465
51837
54703 54702
52821
52557
54063
55223 55221
55762
53443
58326
57240
57935 57933
59211
53676
52847 52846
56403
51204
55164
52869
50960 50959
51173
54398
52084 52083
58220
56953
51641
51801
50309
56888
52144
58936
58438
55167 55163
59199 59193
56421
53755
59002
50348 50347
58196
57231 57230
51380
52211 52209
51356 51355
58062 58061
56739
50788
57390
56294 56291
50417
52616
57043
57535
51972
50873
59883
54955
51176
58495
55073 55069
50100
56098
52985 52984
50338
54428 54427
55172
54590
56747 56746
58285
52151
56162
50106
54971
52614
58070
50483
59393
56456 56452
53235 53234
56569
53217
55583
59135
50637
54088
58052
54312
51995
54179
58302 58301
54154
54306
59845
54255 54254
54070
55950 55946
53135 53132
59580 59579
53058
57740
53541
54358
57586
53774 53773
52397 52396
56625 56624
54206
59817
56526
56431
59962
56019 56015
57615
51424 51422
51291
58130
50837
58294
50796
53385
59064
59734 59733
54018
52478 52477
58703
55281
50677
55109
59034
56885
57299
55873 55871
53477
53359
59183 59182
55118
59911
50857
55687
58368 58366
55153
52484
59072
54301
55765 55764
57663
52414
56121
57987
53939 53938
51763 51762
59119
54688
53913
50215
56332
54386
56966
59490
53605
55222
59819
55964
56234
53349
57567
59249
55592
56935
59697
54711
50585
54941 54940
58742
54728 54727
51814
54308
57594
51443
51741
50546
53699
56216
56840 56839
52967
51259
59299
50915 50914
50842 50841
51306
50756
55058
55931
51381
59970
55998
56783
56062
56275
51861
54802
50099
59280
52302
55739
52423
52937
54081
53826
56134
52482
50758
58024
51159
55004
52177
58072
58754
55682
51482 51481
58415
56174
55084
56449
53675 53674
54663
50951
51597
54719
51353
54038
50680
50545 50544
52297
54908 54906
54907
51111
50206
51494 51493
58112
50355
51744
50087 50086
53422
59676
57775
57862 57861
53213
55580 55579
54266
57956
56890
52349
57965
57167 57166
56945 56943
53121
55329
55036
57602 57601
59269
52595
52598 52597
55923
52991
56721
53900
54661
56808
57415 57414
54863 54861
53951
56025
53752 53751
55756
50065
52141
57393
57808 57807
57121 57120
56597
53370 53369
52790
52475
55247
56071 56070
56372
53165
52443
50440
59012
52565 52564
56490
55387
53721
55688
50467
50501
59001
55070
52670
54348
53175
57709
57328
53170 53169
51528
53697
58633
57624
58868 58867
51034 51031
57506 57504
58668 58667
57237 57236
58155
54147
54848
58536
57045 57040
53497 53496
52772
58593
51393
55485
53287 53286
59122
52951 52950
59362
57057 57056
57621
59478
53898
59197
56244
52056 52054
58609
57476
56999
58530
52559 52558
55246
54946
51428
53100
54960
57716
51146
54829
57448
57457
52284
51369
55087
50503
56620 56619
54926
57584
59956
54789
52688
55554
50189
53636 53635
54458
59671
56988
50158
57315
55983
54602
50103 50102
57653
54742
53348 53346
51386
55289
56813
53469 53468
55757
59758
54097
59557
54733
54503
54518
51957
59219
54438
59690
51707
56262
54433
53450
51466 51463
56595
51289
56837
53632
54607
58571 58570
51973
52976
58327
56229
53964
56694
53152
50446
58594
58044
55188
53511
50958 50957
56058
59804 59803
53592
56317
57397
51265
58149
55027
53300 53298
53305
51165
55631
56087
53545
55951
59799
57495
53643
58723
58465
59779 59776
51318
57976
53969
51453
55607
50055
54723
56744
59952
52857 52856
57927 57926
56877
59630
53744
57182
57219
52395
57825 57824
50899
50370
53122
53906
53500
53083
58018
54188
55972
53455
53537
58921
56695
56410
56845 56844
57993 57991
59668
51472
57030
56841
54739
56209
52170
53738
53673 53672
56016
55047
57946
50128
57267
58862
50672 50670
52929 52928
57625 57623
58805
53807
55729
53996
53549
57717
57857
52412
53172
59067
50736
52890
50157
54870
53779 53778
51990
57128
56135
54467
58895
51607
55527
51534
59470
57734
59371
56467
56677
58944
56658
53750
58587
56103
54632
57832 57831
59538
58635
51283
50296 50295
51211
54783
57981
57417
53378
57355
59560
57373
51110
53112
50806
51892
50770
53072
53894 53893
56936
50019
50832 50831
57790
57041
58603
56557
58693
50543 50542
52032
56701
58292
54133
52745
52428
52733
53475
50624
55898
56947
56503
50454
59438
59481
54437
54059 54057
55339
56570
58857
58522
53648
54987
58829 58828
51879
58688
55228
53472
53023
51036
56027
54067
52242
55325
58019
51315 51314
52326
59257
54265
54058
53902
59338
57258
57118
52716
58333 58332
50192
56924
59230 59229
54461
59091
58807
58462
55264
50463
50316
58626
50451
56128
58373
55539
59180
52087
59549
58203 58202
50287 50286
52465
54316
53342
59273
57525
54447 54446
57220
57155
56195 56194
52240
50954
54700
53464
53612
57319
58775
50510
55909 55908
59506 59505
52146
53638
56081
55310
56688
51590
51703
58160
54521
50710
50431
52116
51754
56411
52709
56614
57063
56492 56491
53953
57329
54274
56960
53811 53810
51292
57127
55159
50560
56007
53985
57139
50988
51697
53948
57014
55813
55508
52895
53845
57336
51543
58735
53876
54459
50339
54958
54715
51904
57026
57878
59353
59556 59555
57412
58537
58157
56173
59458
54205
57188
57723 57722
52782
58532
52897
51483
58113
59839
56919
59678
54037
58106 58104
57467
59811
58907
52583
56621
54353
56268
50466
54225 54224
50312
51367
54379
58555
53692
52921
58122
53066
55315
59798
56325
55941
55635
55563
52970
57922
53258 53256
57249
53661
54862
55494
54828
54585
50559
54544
54676
59693 59692
58274
54793
54610
56409 56407
56314 56313
57828
55615
52842
54170
53171
53797
53945
58819 58818
52939
58171
58599
54283
56753
54791 54790
52181 52180
56113
56207
58789
58889
50549
52699
51426
55694
52868
57746 57745
59184
52882
57493
53522
52360
51501
58674
57439
52505
53183
51061
50497
53767 53766
55037 55035
50228
56692
57951
56585
52717
58777
56689
53802 53801
51297
52250
51671
50698
56702
56248
50898
51785
50117
53851
57322
52077
58172
59186
51071
58901
57308
59106 59105
52422
56334
55364
58770
53434
51190
53188
54718
51191
55906 55905
55773
59860
58871
55669
58741
51866
50875
58399
55741
59801
58060
53061
58403
59047
58835
59044
53381
56457
50498
58760
58821
58442
50426
55272
53103
59317 59316
53449
51925
50996
52538
57108 57104
55668
50176
50725
57550
59267
55847
52700
56227 56225
54983
52548
58002
58909 58908
57627
50889
59539
54887
51502
54153
59813
58729
56370
50174
52103
53458
52430
58483
50029
51715
53921
59473
55333
51358
56736
51279
53001
50644
51148
58226
58397
58558
50450
55872
50969
54690
55019
56971
57208
54315
52850
55918
56574
52506
56703
57546
55565
51606
51213
51298
56148
51938
55377
58596
53709
51134
53762
50492
56716
59792
56371 56369
52658
53257
57263
53783
53595
51406
56285
55774
59729
51163
50247
55436
55720
50236
52843
54549 54548
59638
50290
57687
52755
58711 58710
55557
58739
51115
50332
58865
59740
58600
52260
57152
55966
58276
58665
50461 50459
55863 55862
52002
51524
57573 57570
58954
56691
59208
58026
55907
54990
50389
59775 59774
59533
59546 59545
58300 58299
56137
56934
53192
52581
58404
59582
55373
51815
59993
58757
56386
52107 52106
57302
57259
55220
50398 50397
56408
52049
55430
59521
52235
57569
52004
53806
50963
57708
50990
57012
50280
56197
58445 58443
56035
57633
53158
58896
55949
55147
56478
53418
52546
56003
51231
53016
55516
53465
54474
59287
56780
56649
58441
56342
56360
50695
54673
55280
58176
56439
54445
59756
54198
52033
59313
54260
54959
53553
59394
56498
53024
56416
50277
50333
52947
59416
52592
58890
56366
51189
51333
50747
55197
51128
53525
59544
54525
55805
50726
55135
52978
56912
54233 54232
54888
59435
56722
51749
57695
52612
55170
57879
56586
58544
50641
57593
53993
50490
50150
59040
50807
55825
52886
57666
55173 55171
56228
58556
53410
56676
59206
54282
50054
56001
53933
57778
53668
52345
53255
58255
54523
54394
55788
57791
59055
57677
51939
57105
50844
50231
50883
50994
58248
53542
53426
52029
56199
52405
58180
53520
50146
54376
56856
57795
50418
51559
58934
54278 54277
53295
57209
56734
58664
54720
59048
59237
50382
55226
54142
54487
52447
55821
57505
59378
52655
55989
56037
53901
53574
56090
55533
55709
55884
51162
58511
56482
56984
56321
50761
51825
55330
56021
58509
55808
59083
51963
53284
59914
58682
55175
56958
56976
51708
52156
52771
53503
57053
58287
58820
57345
51229
57816
52812
58825
58976
55033
56670
50324
52693
53640
58129
57296
52042
59790
55766
54540
53544
52119
54191
51474
51899
50003
59691
58557
57662
57536
58616
54186
57524
58932
59714
55490
57841
52554
51343
51587
52828
54725
50018
57551
50478
58613
58534
51284
50337
55376
56675
58115
56581
58421
58811
50449
54580
51357
57650
50767
50821
56884
58371
57934
57826
52596
53532
52090
53877
59214
54402
54832
56239
53506
59778
53459
51712
54856
55184
58651
57474
50121
53375
55776
51317
52813
52829
58311
51464
57253
54200
54577
55594
54552
56156
50481
58145
58358
52713
55654
51625
59290
55883
53847
59814
59196
57944
54395
55375
53764
54122
59200
56414
56642
52545
59917
57979
52385
56188
52904
57972
51765
53896
57429
55018
50341
50681
58566
55801
57269
58574
57254
57432
54656
53116
50323
57673
51975
59852
56270
54944
53244
54303
59507
52123
50919
59812
59552
54529
59163
54900
53002
58863
53368
54065
52339
53092
59973
59448
52702
50943
50840
55767
55841
57340
51556
57514
50429
51414
53950
58293
54844
59266
58843
50703
57836
58200
51057
55744
51821
53705
55123
59494
55933
59572
57095
55513
56723
53237
55395
55630
56805
52644
53725
56535
52509
58384
55442
51786
57034
56779
59867
55296
54364
59022
50138
57901
54642
53858
56630
55601
51735
50942
53228
55358
57488
55911
53087
54806
58937
50190
59643
57117
57191
57070
55605
53949
53651
59536
56464
59978
58020
50108
55507
57094
58263
56487
56119
59332
55956
53849
59460
55313
59979
58565
52561
51967
57668
59179
55859
56323
51093
52718
56107
54011
56698
55977
57339
50124
51630
58212
54810
55412
59901
59656
59568
57134
59511
54784
57829
59174
55780
57292
59204
50122
57572
59912
54680
59868
52893
56310
58394
50144
56795
55595
59650
55868
55472
57049
58618
55738
53398
54505
56916
59777
59768
54531
58985
53293
59648
57646
50566
57610
50864
57307
53207
57783
58066
53650
50283
57850
59796
59892
52620
58842
53771
54217
50614
50673
59526
51282
51478
54734
58989
58418
53782
54124
54626
55006
58257
56221
59699
56484
56387
57018
59000
58782
59238
